#        weight    minuslogpost           alpha   minuslogprior minuslogprior__0            chi2   chi2__loglike
              4      -1.4615154    0.0039687126      -1.6094379       -1.6094379      0.29584502      0.29584502
              6     -0.73147481    0.0096687571      -1.6094379       -1.6094379       1.7559262       1.7559262
             14      -1.1534302    0.0069681684      -1.6094379       -1.6094379      0.91201552      0.91201552
              5     -0.13545495     0.012527914      -1.6094379       -1.6094379       2.9479659       2.9479659
              2      -1.5042676    0.0033464096      -1.6094379       -1.6094379      0.21034062      0.21034062
              5      -1.5201029   -0.0030842066      -1.6094379       -1.6094379       0.1786701       0.1786701
              8       1.3148898      0.01764597      -1.6094379       -1.6094379       5.8486553       5.8486553
              2     0.086327884     0.013437406      -1.6094379       -1.6094379       3.3915316       3.3915316
              6      -1.5730687   -0.0019678841      -1.6094379       -1.6094379     0.072738441     0.072738441
              3      -1.3342628    0.0054129885      -1.6094379       -1.6094379      0.55035026      0.55035026
              6      -1.5776536   -0.0018396667      -1.6094379       -1.6094379     0.063568692     0.063568692
              7       4.5963633     0.025705819      -1.6094379       -1.6094379       12.411602       12.411602
              1      -1.0103123    0.0079871428      -1.6094379       -1.6094379       1.1982512       1.1982512
             11      -1.5907271    0.0014114947      -1.6094379       -1.6094379     0.037421697     0.037421697
              7      -1.5850916   -0.0016100867      -1.6094379       -1.6094379     0.048692657     0.048692657
             15      -1.5096062    0.0032603693      -1.6094379       -1.6094379      0.19966344      0.19966344
             15      -1.3777564    0.0049668181      -1.6094379       -1.6094379      0.46336312      0.46336312
              1      -1.5789471    0.0018018434      -1.6094379       -1.6094379     0.060981631     0.060981631
              3      -1.3488253   -0.0052678114      -1.6094379       -1.6094379      0.52122518      0.52122518
              1     -0.44622578      0.01112915      -1.6094379       -1.6094379       2.3264243       2.3264243
              9      -1.5683679    0.0020911981      -1.6094379       -1.6094379     0.082140119     0.082140119
              3     -0.34928473     0.011583617      -1.6094379       -1.6094379       2.5203064       2.5203064
             13      -1.5148359     0.003173823      -1.6094379       -1.6094379      0.18920402      0.18920402
              6      -1.6076558  -0.00043561253      -1.6094379       -1.6094379    0.0035642297    0.0035642297
              5      -1.1205058   -0.0072153397      -1.6094379       -1.6094379      0.97786415      0.97786415
             13      -1.1957371   -0.0066370595      -1.6094379       -1.6094379      0.82740165      0.82740165
             30      -1.5544039     0.002420739      -1.6094379       -1.6094379      0.11006796      0.11006796
             18      -1.6091765  -0.00016683727      -1.6094379       -1.6094379   0.00052281869   0.00052281869
              2     -0.41174959     0.011292873      -1.6094379       -1.6094379       2.3953766       2.3953766
              5      -1.5407141   -0.0027051184      -1.6094379       -1.6094379      0.13744772      0.13744772
             15      -1.5616063    0.0022567837      -1.6094379       -1.6094379      0.09566318      0.09566318
              2       -1.203129   -0.0065774975      -1.6094379       -1.6094379      0.81261784      0.81261784
             24     -0.71003455    0.0097861027      -1.6094379       -1.6094379       1.7988067       1.7988067
              4     -0.80491189   -0.0092555571      -1.6094379       -1.6094379        1.609052        1.609052
              1     -0.79131176   -0.0093334597      -1.6094379       -1.6094379       1.6362523       1.6362523
              4      -1.6079714    0.0003951583      -1.6094379       -1.6094379     0.002932967     0.002932967
              6      -1.3435996    0.0053203637      -1.6094379       -1.6094379      0.53167667      0.53167667
              2      -1.6055254  -0.00064544523      -1.6094379       -1.6094379    0.0078249894    0.0078249894
              3     -0.82840917    -0.009119395      -1.6094379       -1.6094379       1.5620575       1.5620575
              2     -0.93183902   -0.0084941292      -1.6094379       -1.6094379       1.3551978       1.3551978
              3      -1.3385859   -0.0053702996      -1.6094379       -1.6094379      0.54170393      0.54170393
              8      -1.2679988    -0.006029609      -1.6094379       -1.6094379      0.68287822      0.68287822
              1     -0.43211241    -0.011196462      -1.6094379       -1.6094379        2.354651        2.354651
              2      -1.5571705   -0.0023591088      -1.6094379       -1.6094379       0.1045348       0.1045348
              1      -1.3444138    0.0053122093      -1.6094379       -1.6094379      0.53004814      0.53004814
              2     -0.69970358   -0.0098421462      -1.6094379       -1.6094379       1.8194687       1.8194687
              1     -0.62222056    -0.010252716      -1.6094379       -1.6094379       1.9744347       1.9744347
              4      -1.4176125    0.0045194498      -1.6094379       -1.6094379      0.38365078      0.38365078
              5      -1.5311028   -0.0028880896      -1.6094379       -1.6094379      0.15667016      0.15667016
              1     -0.83550592   -0.0090778691      -1.6094379       -1.6094379        1.547864        1.547864
              1      -1.0196135    0.0079249015      -1.6094379       -1.6094379       1.1796487       1.1796487
              2      -1.5304732   -0.0028996726      -1.6094379       -1.6094379      0.15792936      0.15792936
              1      -1.4748593   -0.0037854764      -1.6094379       -1.6094379      0.26915723      0.26915723
              7     -0.89072513    0.0087480288      -1.6094379       -1.6094379       1.4374256       1.4374256
              1      -1.0181739     0.007934567      -1.6094379       -1.6094379        1.182528        1.182528
              3      -1.5999557   -0.0010048203      -1.6094379       -1.6094379     0.018964515     0.018964515
              2      -1.5773331    0.0018489186      -1.6094379       -1.6094379     0.064209684     0.064209684
              2        -1.34694    0.0052868307      -1.6094379       -1.6094379      0.52499573      0.52499573
              1      -1.3238656   -0.0055143026      -1.6094379       -1.6094379      0.57114469      0.57114469
              1      -1.4964298    0.0034688642      -1.6094379       -1.6094379      0.22601619      0.22601619
              1      -1.5872442   -0.0015372602      -1.6094379       -1.6094379     0.044387405     0.044387405
              3      -1.3774102   -0.0049705269      -1.6094379       -1.6094379      0.46405538      0.46405538
              1      -1.4991357    0.0034270831      -1.6094379       -1.6094379      0.22060443      0.22060443
              3       -1.026901   -0.0078757919      -1.6094379       -1.6094379       1.1650738       1.1650738
              2      -1.6064274   0.00056617857      -1.6094379       -1.6094379    0.0060210442    0.0060210442
              2      -1.3635211    0.0051171323      -1.6094379       -1.6094379      0.49183366      0.49183366
              1      -0.9675433    -0.008267313      -1.6094379       -1.6094379       1.2837892       1.2837892
              2      -1.6047347   -0.0007076706      -1.6094379       -1.6094379    0.0094064829    0.0094064829
              2      -1.5705005     -0.00203618      -1.6094379       -1.6094379     0.077874863     0.077874863
              1      -1.3117526   -0.0056300366      -1.6094379       -1.6094379      0.59537061      0.59537061
              3      -1.2785796   -0.0059354487      -1.6094379       -1.6094379      0.66171667      0.66171667
              5     -0.83608245   -0.0090744873      -1.6094379       -1.6094379       1.5467109       1.5467109
              1      -1.4551717    0.0040529194      -1.6094379       -1.6094379      0.30853248      0.30853248
              2     -0.89660622   -0.0087121635      -1.6094379       -1.6094379       1.4256634       1.4256634
              1      -1.5968852   -0.0011561155      -1.6094379       -1.6094379     0.025105417     0.025105417
              1      -1.6007445   0.00096211799      -1.6094379       -1.6094379     0.017386879     0.017386879
              1      -1.4434848   -0.0042036366      -1.6094379       -1.6094379      0.33190614      0.33190614
              4      -1.5604326   -0.0022843061      -1.6094379       -1.6094379      0.09801072      0.09801072
              2      -1.4954649    -0.003483642      -1.6094379       -1.6094379      0.22794601      0.22794601
              4      -1.2160702   -0.0064719015      -1.6094379       -1.6094379      0.78673552      0.78673552
              1      -1.5365388   -0.0027860812      -1.6094379       -1.6094379      0.14579831      0.14579831
              2      -1.5075812    0.0032932704      -1.6094379       -1.6094379      0.20371347      0.20371347
              2      -0.6380101     0.010170394      -1.6094379       -1.6094379       1.9428556       1.9428556
              2      -1.4798978    0.0037139383      -1.6094379       -1.6094379      0.25908027      0.25908027
              6      -1.2186309   -0.0064508019      -1.6094379       -1.6094379      0.78161408      0.78161408
              1      -1.5422649   -0.0026744229      -1.6094379       -1.6094379      0.13434611      0.13434611
              2      -1.4424199   -0.0042171023      -1.6094379       -1.6094379      0.33403597      0.33403597
              1      -1.4702359   -0.0038499512      -1.6094379       -1.6094379      0.27840396      0.27840396
              1      -1.4422833   -0.0042188275      -1.6094379       -1.6094379      0.33430932      0.33430932
              2      -1.3729189   -0.0050184027      -1.6094379       -1.6094379      0.47303794      0.47303794
              2      -1.5813871   -0.0017282462      -1.6094379       -1.6094379     0.056101723     0.056101723
              1      0.17903809     0.013799841      -1.6094379       -1.6094379        3.576952        3.576952
              2     -0.42796889     0.011216147      -1.6094379       -1.6094379        2.362938        2.362938
              4      -1.3246195     0.005507019      -1.6094379       -1.6094379      0.56963689      0.56963689
              2      -1.2637863    0.0060666903      -1.6094379       -1.6094379      0.69130327      0.69130327
              1      -1.5760519    0.0018854502      -1.6094379       -1.6094379     0.066772108     0.066772108
              1      -1.0850843    0.0074721343      -1.6094379       -1.6094379       1.0487073       1.0487073
              1      -1.5935731    0.0012997193      -1.6094379       -1.6094379     0.031729565     0.031729565
              1     -0.81671993    0.0091873841      -1.6094379       -1.6094379        1.585436        1.585436
              1     -0.24065432     0.012072575      -1.6094379       -1.6094379       2.7375672       2.7375672
              3      -1.5795353     0.001784378      -1.6094379       -1.6094379     0.059805161     0.059805161
              2      -1.5104759    0.0032461365      -1.6094379       -1.6094379      0.19792403      0.19792403
              2       2.6369967     0.021263989      -1.6094379       -1.6094379       8.4928692       8.4928692
              1       2.8418422      0.02177083      -1.6094379       -1.6094379       8.9025601       8.9025601
              2      0.75721512     0.015874491      -1.6094379       -1.6094379       4.7333061       4.7333061
              1      0.52434832     0.015073287      -1.6094379       -1.6094379       4.2675725       4.2675725
              3     -0.91028609    0.0086281615      -1.6094379       -1.6094379       1.3983036       1.3983036
              1      -1.4252362    0.0044287311      -1.6094379       -1.6094379      0.36840336      0.36840336
              3       -1.608855  -0.00024913888      -1.6094379       -1.6094379    0.0011658642    0.0011658642
              1       -1.202316    0.0065840752      -1.6094379       -1.6094379      0.81424392      0.81424392
              2      -1.2875391    0.0058545321      -1.6094379       -1.6094379      0.64379759      0.64379759
              1      -1.6057993  -0.00062244357      -1.6094379       -1.6094379    0.0072772104    0.0072772104
              1      -1.5991035    0.0010489973      -1.6094379       -1.6094379     0.020668727     0.020668727
              1      -1.4283891    0.0043906656      -1.6094379       -1.6094379      0.36209764      0.36209764
              1      -1.6065077   0.00055857431      -1.6094379       -1.6094379    0.0058603948    0.0058603948
              1      -1.5151492    0.0031685624      -1.6094379       -1.6094379      0.18857734      0.18857734
              8     -0.76865959   -0.0094617892      -1.6094379       -1.6094379       1.6815566       1.6815566
              2     -0.17570107    -0.012355697      -1.6094379       -1.6094379       2.8674737       2.8674737
              1       -1.116022   -0.0072483493      -1.6094379       -1.6094379      0.98683192      0.98683192
              3     -0.92078224    0.0085631506      -1.6094379       -1.6094379       1.3773113       1.3773113
              4      -1.3365612    0.0053903353      -1.6094379       -1.6094379       0.5457535       0.5457535
              2     -0.13522848    -0.012528876      -1.6094379       -1.6094379       2.9484189       2.9484189
              1     -0.74323946   -0.0096037582      -1.6094379       -1.6094379       1.7323969       1.7323969
              5       -1.021481   -0.0079123459      -1.6094379       -1.6094379       1.1759138       1.1759138
              1        -1.57106   -0.0020214971      -1.6094379       -1.6094379     0.076755802     0.076755802
              1      -1.1872595   -0.0067047181      -1.6094379       -1.6094379      0.84435681      0.84435681
              3      -1.5281499   -0.0029420206      -1.6094379       -1.6094379      0.16257598      0.16257598
              1     -0.47907819    -0.010970865      -1.6094379       -1.6094379       2.2607194       2.2607194
              1      -1.5836501    0.0016570669      -1.6094379       -1.6094379     0.051575691     0.051575691
              1      -1.4242568     -0.00444049      -1.6094379       -1.6094379      0.37036228      0.37036228
              1      -1.5641016   -0.0021971302      -1.6094379       -1.6094379     0.090672703     0.090672703
              5     -0.75355247    0.0095464156      -1.6094379       -1.6094379       1.7117709       1.7117709
              1      0.23730543    -0.014022834      -1.6094379       -1.6094379       3.6934867       3.6934867
              3      -1.3689837   -0.0050599786      -1.6094379       -1.6094379      0.48090835      0.48090835
              2      0.59257256    -0.015312363      -1.6094379       -1.6094379       4.4040209       4.4040209
              1      -1.5352385   -0.0028108187      -1.6094379       -1.6094379      0.14839888      0.14839888
              3      -1.5611512   -0.0022674945      -1.6094379       -1.6094379     0.096573383     0.096573383
              1     -0.45085376     0.011106988      -1.6094379       -1.6094379       2.3171683       2.3171683
              2    -0.064309105     0.012826698      -1.6094379       -1.6094379       3.0902576       3.0902576
              3       -1.550721    0.0025004256      -1.6094379       -1.6094379      0.11743373      0.11743373
              2      -1.2561968   -0.0061329322      -1.6094379       -1.6094379       0.7064823       0.7064823
              1     -0.64352548    -0.010141481      -1.6094379       -1.6094379       1.9318249       1.9318249
              4      -1.5513813   -0.0024863269      -1.6094379       -1.6094379      0.11611316      0.11611316
              1      -1.4607027   -0.0039796004      -1.6094379       -1.6094379       0.2974705       0.2974705
              1      -1.5370709    0.0027758929      -1.6094379       -1.6094379      0.14473394      0.14473394
              1      -1.5373404    0.0027707208      -1.6094379       -1.6094379      0.14419509      0.14419509
              1      -1.1560943   -0.0069477833      -1.6094379       -1.6094379      0.90668722      0.90668722
              1      -1.6001425  -0.00099487072      -1.6094379       -1.6094379     0.018590808     0.018590808
              1      -1.5786123    0.0018117086      -1.6094379       -1.6094379     0.061651215     0.061651215
              2      -1.6090269   0.00020920046      -1.6094379       -1.6094379   0.00082203489   0.00082203489
              3      -1.3781728     0.004962352      -1.6094379       -1.6094379       0.4625302       0.4625302
              2     -0.83843272    0.0090606879      -1.6094379       -1.6094379       1.5420104       1.5420104
              1      -1.5301599    0.0029054204      -1.6094379       -1.6094379      0.15855609      0.15855609
              2       1.1605869    -0.017174114      -1.6094379       -1.6094379       5.5400496       5.5400496
              1      0.31897318    -0.014329543      -1.6094379       -1.6094379       3.8568222       3.8568222
              1      -1.3322193    0.0054330503      -1.6094379       -1.6094379      0.55443726      0.55443726
              4      -1.4246243   -0.0044360818      -1.6094379       -1.6094379      0.36962731      0.36962731
              1     -0.65520663    -0.010079972      -1.6094379       -1.6094379       1.9084626       1.9084626
              1      -1.4732393   -0.0038081917      -1.6094379       -1.6094379      0.27239715      0.27239715
              3      -1.6092696  -0.00013385903      -1.6094379       -1.6094379   0.00033655829   0.00033655829
              3      -1.5071853   -0.0032996645      -1.6094379       -1.6094379      0.20450529      0.20450529
              1      -1.5349542   -0.0028161973      -1.6094379       -1.6094379      0.14896736      0.14896736
              1      -1.5957372    0.0012078255      -1.6094379       -1.6094379     0.027401438     0.027401438
              3      -1.5418128   -0.0026834076      -1.6094379       -1.6094379       0.1352503       0.1352503
              1      -1.0544753   -0.0076871326      -1.6094379       -1.6094379       1.1099252       1.1099252
              1      -1.5546179     0.002416028      -1.6094379       -1.6094379      0.10963996      0.10963996
              1      -1.3328111   -0.0054272475      -1.6094379       -1.6094379      0.55325356      0.55325356
              1      -1.3426662    0.0053296956      -1.6094379       -1.6094379      0.53354342      0.53354342
              2      -1.5747745    0.0019211796      -1.6094379       -1.6094379     0.069326757     0.069326757
              4     -0.96557267   -0.0082799938      -1.6094379       -1.6094379       1.2877305       1.2877305
              1      -1.0908241   -0.0074311246      -1.6094379       -1.6094379       1.0372276       1.0372276
              1      -1.3688828      0.00506104      -1.6094379       -1.6094379      0.48111013      0.48111013
              1     -0.99572105    0.0080838184      -1.6094379       -1.6094379       1.2274337       1.2274337
              2       -1.558466   -0.0023296902      -1.6094379       -1.6094379      0.10194391      0.10194391
              1      -1.5573622    0.0023547784      -1.6094379       -1.6094379      0.10415138      0.10415138
              3       -1.311002    0.0056371302      -1.6094379       -1.6094379      0.59687183      0.59687183
              2      -1.2597432    -0.006102068      -1.6094379       -1.6094379      0.69938941      0.69938941
              5      -1.6090486   0.00020360928      -1.6094379       -1.6094379   0.00077868193   0.00077868193
              1      -1.5258145    -0.002983983      -1.6094379       -1.6094379      0.16724674      0.16724674
              5       -1.592045   -0.0013608746      -1.6094379       -1.6094379     0.034785735     0.034785735
              1      -1.3413747    -0.005342581      -1.6094379       -1.6094379       0.5361264       0.5361264
              4      0.31320261    -0.014308087      -1.6094379       -1.6094379       3.8452811       3.8452811
              3     -0.14535781    -0.012485759      -1.6094379       -1.6094379       2.9281602       2.9281602
              2      0.51449612    -0.015038448      -1.6094379       -1.6094379       4.2478681       4.2478681
              2      -1.5557678    0.0023905548      -1.6094379       -1.6094379      0.10734019      0.10734019
              3      -1.5888851   -0.0014793405      -1.6094379       -1.6094379     0.041105626     0.041105626
              1      -1.5963512    0.0011804519      -1.6094379       -1.6094379     0.026173487     0.026173487
              4      -1.5816424    -0.001720361      -1.6094379       -1.6094379     0.055590955     0.055590955
              1      -1.3242567    0.0055105251      -1.6094379       -1.6094379      0.57036244      0.57036244
              1      -1.2153616    0.0064777276      -1.6094379       -1.6094379      0.78815261      0.78815261
              1      -1.2300218    0.0063560951      -1.6094379       -1.6094379      0.75883216      0.75883216
              4      -1.3452136    0.0053041882      -1.6094379       -1.6094379      0.52844868      0.52844868
              3     -0.60489464     0.010342293      -1.6094379       -1.6094379       2.0090865       2.0090865
              1      -1.1521421   -0.0069780023      -1.6094379       -1.6094379      0.91459154      0.91459154
              3      -1.4866783     0.003615433      -1.6094379       -1.6094379      0.24551927      0.24551927
              7      -1.6047966   0.00070299765      -1.6094379       -1.6094379    0.0092826656    0.0092826656
              6      -1.4151743    0.0045480822      -1.6094379       -1.6094379      0.38852732      0.38852732
              2     -0.99084606    0.0081158613      -1.6094379       -1.6094379       1.2371837       1.2371837
              2       1.6461541     0.018618621      -1.6094379       -1.6094379        6.511184        6.511184
              1     -0.31460281    -0.011741937      -1.6094379       -1.6094379       2.5896702       2.5896702
              5      -1.1250432   -0.0071817819      -1.6094379       -1.6094379      0.96878942      0.96878942
              6     -0.91855899    0.0085769621      -1.6094379       -1.6094379       1.3817578       1.3817578
              8      -1.5597326    -0.002300562      -1.6094379       -1.6094379     0.099410638     0.099410638
              3      -1.5051097    0.0033329851      -1.6094379       -1.6094379       0.2086564       0.2086564
              2      -1.4678522     0.003882775      -1.6094379       -1.6094379      0.28317141      0.28317141
              1      -1.3881623   -0.0048539951      -1.6094379       -1.6094379       0.4425513       0.4425513
              4      -1.4308921   -0.0043602096      -1.6094379       -1.6094379      0.35709166      0.35709166
              1      -1.2123414   -0.0065025027      -1.6094379       -1.6094379      0.79419298      0.79419298
              3      -1.6047482   -0.0007066542      -1.6094379       -1.6094379     0.009379482     0.009379482
              2      -1.4548411    0.0040572598      -1.6094379       -1.6094379      0.30919366      0.30919366
              1      -1.2098149    0.0065231558      -1.6094379       -1.6094379      0.79924599      0.79924599
              1      -1.2353208    0.0063115543      -1.6094379       -1.6094379       0.7482343       0.7482343
              1      -1.4332003    0.0043319334      -1.6094379       -1.6094379      0.35247515      0.35247515
              1     -0.88984798    0.0087533654      -1.6094379       -1.6094379       1.4391799       1.4391799
              1      -1.5259685    0.0029812347      -1.6094379       -1.6094379       0.1669388       0.1669388
              3      -1.2630561     0.006073095      -1.6094379       -1.6094379      0.69276368      0.69276368
              2      -1.2387726   -0.0062823699      -1.6094379       -1.6094379      0.74133068      0.74133068
              4      -1.3245186    0.0055079936      -1.6094379       -1.6094379      0.56983854      0.56983854
              3      -1.5461496   -0.0025959369      -1.6094379       -1.6094379      0.12657654      0.12657654
              1      -1.6080675  -0.00038199034      -1.6094379       -1.6094379    0.0027407519    0.0027407519
              1      -1.4187233   -0.0045063462      -1.6094379       -1.6094379      0.38142932      0.38142932
              3     -0.96956326   -0.0082542947      -1.6094379       -1.6094379       1.2797493       1.2797493
              7      -1.5738904   -0.0019455251      -1.6094379       -1.6094379     0.071094934     0.071094934
              1      -1.4467145    0.0041625316      -1.6094379       -1.6094379      0.32544684      0.32544684
              1      -1.2932118   -0.0058027166      -1.6094379       -1.6094379      0.63245215      0.63245215
              1      -1.5802082    0.0017641875      -1.6094379       -1.6094379     0.058459415     0.058459415
              4     -0.93940302    0.0084465864      -1.6094379       -1.6094379       1.3400698       1.3400698
              3        3.202622     0.022635914      -1.6094379       -1.6094379       9.6241198       9.6241198
              1       2.9374934     0.022003497      -1.6094379       -1.6094379       9.0938627       9.0938627
              1      0.79828036     0.016011623      -1.6094379       -1.6094379       4.8154365       4.8154365
              2      0.65331994     0.015522139      -1.6094379       -1.6094379       4.5255157       4.5255157
              1     0.033965021     0.013228316      -1.6094379       -1.6094379       3.2868059       3.2868059
              1      -1.2729216   -0.0059859841      -1.6094379       -1.6094379      0.67303257      0.67303257
              2      -1.5494389   -0.0025275783      -1.6094379       -1.6094379      0.11999805      0.11999805
              3      -1.1036295   -0.0073388086      -1.6094379       -1.6094379       1.0116169       1.0116169
              3     -0.67330694    0.0099839139      -1.6094379       -1.6094379       1.8722619       1.8722619
              2      -1.0599854    0.0076488758      -1.6094379       -1.6094379       1.0989051       1.0989051
              1     -0.63593982     0.010181226      -1.6094379       -1.6094379       1.9469962       1.9469962
              1      -0.8662092    0.0088959792      -1.6094379       -1.6094379       1.4864574       1.4864574
              4      -1.3941473    0.0047878995      -1.6094379       -1.6094379      0.43058115      0.43058115
              1      -1.4310944   -0.0043577389      -1.6094379       -1.6094379      0.35668707      0.35668707
              3      -1.4843153     0.003650064      -1.6094379       -1.6094379      0.25024529      0.25024529
              2      -1.3886037   -0.0048491514      -1.6094379       -1.6094379      0.44166852      0.44166852
              5       -1.455414    0.0040497349      -1.6094379       -1.6094379      0.30804783      0.30804783
              4      -1.5282676   -0.0029398907      -1.6094379       -1.6094379      0.16234066      0.16234066
              2      -1.5488429   -0.0025401007      -1.6094379       -1.6094379      0.12119001      0.12119001
              1      -1.4020455   -0.0046992539      -1.6094379       -1.6094379      0.41478475      0.41478475
              3      -0.6615829    -0.010046238      -1.6094379       -1.6094379         1.89571         1.89571
              3      -1.4191379   -0.0045014453      -1.6094379       -1.6094379      0.38060012      0.38060012
              2     -0.89374066   -0.0087296572      -1.6094379       -1.6094379       1.4313945       1.4313945
              1      -1.0316626    -0.007843538      -1.6094379       -1.6094379       1.1555506       1.1555506
              3      -1.1760957   -0.0067927869      -1.6094379       -1.6094379      0.86668433      0.86668433
              2      -1.5523257   -0.0024660226      -1.6094379       -1.6094379      0.11422445      0.11422445
              2      -1.5647018    0.0021825371      -1.6094379       -1.6094379     0.089472222     0.089472222
              3      -1.5648746    0.0021783176      -1.6094379       -1.6094379     0.089126602     0.089126602
              1      -1.5802842   -0.0017618922      -1.6094379       -1.6094379     0.058307391     0.058307391
              3      -1.1049627   -0.0073291303      -1.6094379       -1.6094379       1.0089505       1.0089505
              2     -0.19346578    -0.012278912      -1.6094379       -1.6094379       2.8319443       2.8319443
              2      0.25745845      0.01409914      -1.6094379       -1.6094379       3.7337927       3.7337927
              1      -1.2373664    0.0062942751      -1.6094379       -1.6094379      0.74414299      0.74414299
              1      -1.5638364   -0.0022035467      -1.6094379       -1.6094379     0.091203077     0.091203077
              2     -0.51282205     0.010805871      -1.6094379       -1.6094379       2.1932317       2.1932317
              1       -1.271929    0.0059948062      -1.6094379       -1.6094379      0.67501785      0.67501785
              4     -0.81596319   -0.0091917682      -1.6094379       -1.6094379       1.5869494       1.5869494
              2      -1.6049651   0.00069012023      -1.6094379       -1.6094379     0.008945703     0.008945703
              1      -1.3292773   -0.0054618032      -1.6094379       -1.6094379       0.5603212       0.5603212
              4      -1.1291231    0.0071514731      -1.6094379       -1.6094379      0.96062963      0.96062963
              5      -1.6067063   0.00053931622      -1.6094379       -1.6094379    0.0054632607    0.0054632607
              1      -1.0180709    0.0079352585      -1.6094379       -1.6094379       1.1827341       1.1827341
              2      -1.0266141    0.0078777314      -1.6094379       -1.6094379       1.1656477       1.1656477
              1     -0.12487109     0.012572811      -1.6094379       -1.6094379       2.9691336       2.9691336
              1     -0.54603634    -0.010640969      -1.6094379       -1.6094379       2.1268031       2.1268031
              1      0.11990016    -0.013569769      -1.6094379       -1.6094379       3.4586761       3.4586761
              1      0.40945342    -0.014661857      -1.6094379       -1.6094379       4.0377827       4.0377827
              1     -0.52466817    -0.010747348      -1.6094379       -1.6094379       2.1695395       2.1695395
              1     -0.91959009   -0.0085705593      -1.6094379       -1.6094379       1.3796956       1.3796956
              9      -1.6034795   0.00079652149      -1.6094379       -1.6094379     0.011916808     0.011916808
              2      -1.6060902  -0.00059704049      -1.6094379       -1.6094379    0.0066953383    0.0066953383
              5      -1.4863901   -0.0036196739      -1.6094379       -1.6094379       0.2460956       0.2460956
              1      -1.6081548  -0.00036962641      -1.6094379       -1.6094379    0.0025662026    0.0025662026
              1     -0.95475439   -0.0083492646      -1.6094379       -1.6094379        1.309367        1.309367
              2     -0.58957881    -0.010420837      -1.6094379       -1.6094379       2.0397182       2.0397182
              1       0.1245584    -0.013588033      -1.6094379       -1.6094379       3.4679926       3.4679926
              2      0.93959289    -0.016474797      -1.6094379       -1.6094379       5.0980616       5.0980616
              2      -1.2537749    0.0061539206      -1.6094379       -1.6094379      0.71132609      0.71132609
              1      -1.5924419   -0.0013452579      -1.6094379       -1.6094379     0.033991947     0.033991947
             11       -1.495314    0.0034859477      -1.6094379       -1.6094379      0.22824785      0.22824785
              3       -1.315569    0.0055938313      -1.6094379       -1.6094379       0.5877379       0.5877379
              4      -1.5920724    0.0013598053      -1.6094379       -1.6094379     0.034731093     0.034731093
              4      -1.6072101  -0.00048704346      -1.6094379       -1.6094379    0.0044555405    0.0044555405
              1      -1.5968792    0.0011563901      -1.6094379       -1.6094379     0.025117345     0.025117345
              4      -1.5641714    0.0021954384      -1.6094379       -1.6094379      0.09053312      0.09053312
              6      -1.5663228    0.0021426309      -1.6094379       -1.6094379     0.086230258     0.086230258
              2       -1.454925    0.0040561586      -1.6094379       -1.6094379      0.30902586      0.30902586
              1      -1.3893406   -0.0048410532      -1.6094379       -1.6094379      0.44019457      0.44019457
              2       -1.482499    -0.003676461      -1.6094379       -1.6094379      0.25387789      0.25387789
              3      -1.2572925    0.0061234131      -1.6094379       -1.6094379       0.7042909       0.7042909
              5      -1.4271671    0.0044054586      -1.6094379       -1.6094379       0.3645417       0.3645417
              1      -1.2802671   -0.0059202926      -1.6094379       -1.6094379      0.65834162      0.65834162
              5      -1.5362252   -0.0027920667      -1.6094379       -1.6094379      0.14642544      0.14642544
              1      -1.6041113  -0.00075310947      -1.6094379       -1.6094379     0.010653227     0.010653227
              1      -1.4333013    0.0043306929      -1.6094379       -1.6094379      0.35227331      0.35227331
              3      -1.5347037    0.0028209293      -1.6094379       -1.6094379      0.14946839      0.14946839
              2      -1.4607706    0.0039786916      -1.6094379       -1.6094379      0.29733464      0.29733464
              2      -1.1533001     0.006969162      -1.6094379       -1.6094379      0.91227564      0.91227564
              2      -1.3087056   -0.0056587767      -1.6094379       -1.6094379       0.6014646       0.6014646
              1      -1.4403212    0.0042435158      -1.6094379       -1.6094379      0.33823349      0.33823349
              3      -1.6091403  -0.00017800738      -1.6094379       -1.6094379   0.00059516994   0.00059516994
              1      -1.5747206    0.0019226743      -1.6094379       -1.6094379     0.069434675     0.069434675
              1       1.1623481    -0.017179573      -1.6094379       -1.6094379        5.543572        5.543572
              2     -0.97195947    0.0082388248      -1.6094379       -1.6094379       1.2749569       1.2749569
              4     -0.97799687    0.0081997181      -1.6094379       -1.6094379       1.2628821       1.2628821
              4      -1.3460634    -0.005295651      -1.6094379       -1.6094379      0.52674895      0.52674895
              1      -1.1598064     -0.00691928      -1.6094379       -1.6094379       0.8992631       0.8992631
              1      0.75685063    -0.015873269      -1.6094379       -1.6094379       4.7325771       4.7325771
              1      -1.3254395   -0.0054990856      -1.6094379       -1.6094379      0.56799685      0.56799685
              3      -1.6093361   0.00010412944      -1.6094379       -1.6094379   0.00020366295   0.00020366295
              1       -1.251073    0.0061772514      -1.6094379       -1.6094379      0.71672989      0.71672989
              1      -0.5946436     0.010394929      -1.6094379       -1.6094379       2.0295886       2.0295886
              1      -1.4770384   -0.0037547043      -1.6094379       -1.6094379      0.26479906      0.26479906
              3      -1.1742768   -0.0068070283      -1.6094379       -1.6094379      0.87032223      0.87032223
              1      -1.1606826    0.0069125349      -1.6094379       -1.6094379      0.89751069      0.89751069
              1       -1.550441   -0.0025063812      -1.6094379       -1.6094379       0.1179938       0.1179938
              2      -1.4284574    0.0043898372      -1.6094379       -1.6094379      0.36196101      0.36196101
              1      -1.4889046    -0.003582499      -1.6094379       -1.6094379      0.24106664      0.24106664
              1       -1.608446  -0.00032499642      -1.6094379       -1.6094379    0.0019839106    0.0019839106
              2      -1.4706528    0.0038441819      -1.6094379       -1.6094379      0.27757019      0.27757019
              2      -1.4760123    0.0037692253      -1.6094379       -1.6094379      0.26685119      0.26685119
              5      -1.2206936   -0.0064337551      -1.6094379       -1.6094379      0.77748856      0.77748856
              1      -1.4846308    0.0036454591      -1.6094379       -1.6094379      0.24961428      0.24961428
              6      -1.5940787    0.0012788442      -1.6094379       -1.6094379     0.030718514     0.030718514
              1      -1.4115951    0.0045897883      -1.6094379       -1.6094379      0.39568562      0.39568562
              1      -1.4551194   -0.0040536061      -1.6094379       -1.6094379      0.30863704      0.30863704
              2      -1.5850402   -0.0016117846      -1.6094379       -1.6094379     0.048795407     0.048795407
              1       -1.602588  -0.00085403395      -1.6094379       -1.6094379     0.013699832     0.013699832
              3     -0.94995165    0.0083798336      -1.6094379       -1.6094379       1.3189725       1.3189725
              2      -1.4000121   -0.0047222351      -1.6094379       -1.6094379       0.4188516       0.4188516
              1       -1.564319    0.0021918548      -1.6094379       -1.6094379     0.090237809     0.090237809
              1       -1.548806    0.0025408732      -1.6094379       -1.6094379      0.12126373      0.12126373
              2      -1.5395591   -0.0027277536      -1.6094379       -1.6094379      0.13975753      0.13975753
              1      -0.7804941   -0.0093949628      -1.6094379       -1.6094379       1.6578876       1.6578876
              1      -1.4351149    0.0043083392      -1.6094379       -1.6094379      0.34864604      0.34864604
              2      -1.6080088   0.00039008626      -1.6094379       -1.6094379    0.0028581582    0.0028581582
              2      -0.3250405    -0.011694515      -1.6094379       -1.6094379       2.5687948       2.5687948
              4      -1.4777163   -0.0037450799      -1.6094379       -1.6094379      0.26344328      0.26344328
              3      -1.4242586   -0.0044404676      -1.6094379       -1.6094379      0.37035855      0.37035855
              2      -1.2625213    0.0060777809      -1.6094379       -1.6094379      0.69383315      0.69383315
              2      -1.5525891   -0.0024603299      -1.6094379       -1.6094379      0.11369769      0.11369769
              2      -1.5705568    0.0020347062      -1.6094379       -1.6094379     0.077762169     0.077762169
              3    -0.082266911     0.012751943      -1.6094379       -1.6094379        3.054342        3.054342
              2      -1.6075771   0.00044512967      -1.6094379       -1.6094379    0.0037216716    0.0037216716
              3      -1.5787672   -0.0018071502      -1.6094379       -1.6094379      0.06134137      0.06134137
              4      -1.0873181     0.007456201      -1.6094379       -1.6094379       1.0442396       1.0442396
              1     -0.69495827   -0.0098677818      -1.6094379       -1.6094379       1.8289593       1.8289593
              1     -0.91569022   -0.0085947509      -1.6094379       -1.6094379       1.3874954       1.3874954
              2      -1.2369721   -0.0062976091      -1.6094379       -1.6094379      0.74493153      0.74493153
              3      -1.5891341   -0.0014703524      -1.6094379       -1.6094379     0.040607645     0.040607645
              3      -1.2400428    0.0062715964      -1.6094379       -1.6094379      0.73879027      0.73879027
              3      -0.1040769    -0.012660558      -1.6094379       -1.6094379        3.010722        3.010722
              1     -0.21320175     0.012193039      -1.6094379       -1.6094379       2.7924723       2.7924723
              2     -0.19546047      0.01227026      -1.6094379       -1.6094379       2.8279549       2.8279549
              3     -0.34014532     0.011625547      -1.6094379       -1.6094379       2.5385852       2.5385852
              2     0.067318145     0.013361877      -1.6094379       -1.6094379       3.3535121       3.3535121
              3      0.41104874    -0.014667649      -1.6094379       -1.6094379       4.0409733       4.0409733
              1     -0.21232957     0.012196847      -1.6094379       -1.6094379       2.7942167       2.7942167
              1      -1.5051021     0.003333106      -1.6094379       -1.6094379      0.20867153      0.20867153
              2     -0.55800032     -0.01058094      -1.6094379       -1.6094379       2.1028752       2.1028752
              1      -1.3735576    0.0050116228      -1.6094379       -1.6094379      0.47176065      0.47176065
              1      -1.5039358    0.0033516849      -1.6094379       -1.6094379       0.2110043       0.2110043
              1     -0.87904781   -0.0088188095      -1.6094379       -1.6094379       1.4607802       1.4607802
              1      -1.1338965    0.0071158483      -1.6094379       -1.6094379      0.95108278      0.95108278
              1     -0.59081076     0.010414541      -1.6094379       -1.6094379       2.0372543       2.0372543
              1      -1.2580908    0.0061164677      -1.6094379       -1.6094379      0.70269414      0.70269414
              2      -1.5183897   -0.0031136384      -1.6094379       -1.6094379      0.18209638      0.18209638
              2      -1.2638033   -0.0060665411      -1.6094379       -1.6094379      0.69126926      0.69126926
              5     -0.99302146   -0.0081015782      -1.6094379       -1.6094379       1.2328329       1.2328329
              6      -1.6040358  -0.00075842609      -1.6094379       -1.6094379     0.010804172     0.010804172
              3      -1.5328916   -0.0028549239      -1.6094379       -1.6094379      0.15309254      0.15309254
              3      -1.4102147    0.0046057727      -1.6094379       -1.6094379      0.39844645      0.39844645
              1      -1.5847015    0.0016229357      -1.6094379       -1.6094379     0.049472922     0.049472922
              1      -1.4826578      0.00367416      -1.6094379       -1.6094379       0.2535602       0.2535602
              1      -1.5570331   -0.0023622072      -1.6094379       -1.6094379      0.10480957      0.10480957
              1      -1.5953312   -0.0012255914      -1.6094379       -1.6094379     0.028213463     0.028213463
              3      -1.6079494     0.000398112      -1.6094379       -1.6094379    0.0029769771    0.0029769771
              1      -1.0539158    -0.007691007      -1.6094379       -1.6094379       1.1110443       1.1110443
              1      -1.6041033  -0.00075367768      -1.6094379       -1.6094379     0.010669308     0.010669308
              1      -1.3254286    0.0054991914      -1.6094379       -1.6094379       0.5680187       0.5680187
              1      -1.4348901    -0.004311116      -1.6094379       -1.6094379       0.3490956       0.3490956
              1      -1.4658063     0.003910727      -1.6094379       -1.6094379      0.28726318      0.28726318
              2     -0.44123179    -0.011153014      -1.6094379       -1.6094379       2.3364122       2.3364122
              1     -0.74566907     -0.00959028      -1.6094379       -1.6094379       1.7275377       1.7275377
              1      0.23658094     0.014020083      -1.6094379       -1.6094379       3.6920377       3.6920377
              2     -0.92475817    0.0085383953      -1.6094379       -1.6094379       1.3693595       1.3693595
              1       -1.519616    0.0030925994      -1.6094379       -1.6094379      0.17964382      0.17964382
              1      -1.4128137   -0.0045756311      -1.6094379       -1.6094379       0.3932484       0.3932484
              1      -1.2688781   -0.0060218398      -1.6094379       -1.6094379      0.68111956      0.68111956
              1      -1.4758322   -0.0037717684      -1.6094379       -1.6094379       0.2672114       0.2672114
              2      -1.3875026   -0.0048612246      -1.6094379       -1.6094379      0.44387055      0.44387055
              2      -1.4749642   -0.0037840013      -1.6094379       -1.6094379       0.2689475       0.2689475
              5      -1.4392446     0.004257001      -1.6094379       -1.6094379       0.3403866       0.3403866
