#        weight    minuslogpost           alpha   minuslogprior minuslogprior__0            chi2   chi2__loglike
              3      -1.0981532    -0.018507776      -1.6094379       -1.6094379       1.0225695       1.0225695
              2     -0.32701188    -0.029311564      -1.6094379       -1.6094379       2.5648521       2.5648521
              3      -0.3479333    -0.029071487      -1.6094379       -1.6094379       2.5230092       2.5230092
              2     -0.06887023     0.032126485      -1.6094379       -1.6094379       3.0811354       3.0811354
              1      -1.6058687   -0.0015463478      -1.6094379       -1.6094379     0.007138364     0.007138364
              1      -1.5919757   -0.0034203619      -1.6094379       -1.6094379     0.034924361     0.034924361
              4      -1.5077035    0.0082557544      -1.6094379       -1.6094379      0.20346883      0.20346883
              1      -1.5891518   -0.0036865723      -1.6094379       -1.6094379     0.040572321     0.040572321
              1      0.52710851     0.037833715      -1.6094379       -1.6094379       4.2730929       4.2730929
              3       2.3731742     0.051654341      -1.6094379       -1.6094379       7.9652242       7.9652242
              1      -1.3633952     0.012838908      -1.6094379       -1.6094379      0.49208541      0.49208541
              1      -1.4263708     0.011074599      -1.6094379       -1.6094379      0.36613428      0.36613428
              2      -1.6065547    0.0013898348      -1.6094379       -1.6094379    0.0057664793    0.0057664793
             15       -1.602427    0.0021672545      -1.6094379       -1.6094379     0.014021813     0.014021813
              2      -1.5686822   -0.0052253727      -1.6094379       -1.6094379     0.081511501     0.081511501
              2     -0.32930927    -0.029285297      -1.6094379       -1.6094379       2.5602573       2.5602573
              1      0.18103451     0.034634318      -1.6094379       -1.6094379       3.5809448       3.5809448
              1       -1.007269    -0.020085469      -1.6094379       -1.6094379       1.2043378       1.2043378
             10      -1.4641639   -0.0098654483      -1.6094379       -1.6094379      0.29054807      0.29054807
              3      -1.3577705    -0.012984831      -1.6094379       -1.6094379      0.50333476      0.50333476
              2     -0.73522838    -0.024200849      -1.6094379       -1.6094379       1.7484191       1.7484191
              6      -1.4321158     0.010899442      -1.6094379       -1.6094379      0.35464423      0.35464423
              6      -1.6059838   -0.0015212114      -1.6094379       -1.6094379    0.0069081777    0.0069081777
              1     -0.59587134    -0.026058473      -1.6094379       -1.6094379       2.0271331       2.0271331
              1      -1.4724785    -0.009578968      -1.6094379       -1.6094379      0.27391877      0.27391877
              3     -0.60168612     0.025983617      -1.6094379       -1.6094379       2.0155036       2.0155036
              1      0.91152362     0.041096604      -1.6094379       -1.6094379       5.0419231       5.0419231
              5      -1.6084136  -0.00082837901      -1.6094379       -1.6094379    0.0020485309    0.0020485309
              7     -0.29471916    -0.029678316      -1.6094379       -1.6094379       2.6294375       2.6294375
              1       2.5663484      0.05289224      -1.6094379       -1.6094379       8.3515726       8.3515726
              1     -0.42126031     0.028213925      -1.6094379       -1.6094379       2.3763552       2.3763552
              2      -1.6069392    0.0012938464      -1.6094379       -1.6094379    0.0049974657    0.0049974657
              1      -1.6082035   0.00090938549      -1.6094379       -1.6094379    0.0024687686    0.0024687686
              7      -1.5786749   -0.0045398049      -1.6094379       -1.6094379     0.061526006     0.061526006
              1      -1.4110514     0.011528662      -1.6094379       -1.6094379      0.39677307      0.39677307
              2      -1.5902567    0.0035847631      -1.6094379       -1.6094379     0.038362355     0.038362355
              3      0.43594283     -0.03701774      -1.6094379       -1.6094379       4.0907615       4.0907615
              1       0.7432278    -0.039701136      -1.6094379       -1.6094379       4.7053314       4.7053314
              1     -0.76257519    -0.023819319      -1.6094379       -1.6094379       1.6937255       1.6937255
             11      -1.3297822     0.013687832      -1.6094379       -1.6094379      0.55931139      0.55931139
              6      -1.6006084   -0.0024321607      -1.6094379       -1.6094379     0.017659113     0.017659113
              1     -0.88126131    -0.022087226      -1.6094379       -1.6094379       1.4563532       1.4563532
              1     -0.82672781     0.022899357      -1.6094379       -1.6094379       1.5654202       1.5654202
              4      -1.2062231     0.016435809      -1.6094379       -1.6094379      0.80642971      0.80642971
              1     -0.18342909     0.030908927      -1.6094379       -1.6094379       2.8520176       2.8520176
              5      -1.5200337   -0.0077393009      -1.6094379       -1.6094379      0.17880835      0.17880835
              9      -1.3997967     0.011851169      -1.6094379       -1.6094379      0.41928248      0.41928248
              2       -1.461881    0.0099426603      -1.6094379       -1.6094379      0.29511382      0.29511382
              5      -1.5407327    0.0067844949      -1.6094379       -1.6094379      0.13741033      0.13741033
              2      -1.5910537    0.0035094974      -1.6094379       -1.6094379     0.036768356     0.036768356
              4      -1.5908064   -0.0035330232      -1.6094379       -1.6094379     0.037262958     0.037262958
              1       -1.040787    -0.019518467      -1.6094379       -1.6094379       1.1373019       1.1373019
             10      -1.4859071   -0.0090972562      -1.6094379       -1.6094379      0.24706157      0.24706157
              2      -1.4988333   -0.0086081415      -1.6094379       -1.6094379      0.22120918      0.22120918
              7      -1.5744551   -0.0048411716      -1.6094379       -1.6094379     0.069965718     0.069965718
              1     -0.42971247     0.028113395      -1.6094379       -1.6094379       2.3594509       2.3594509
              5      -1.5163638   -0.0078965487      -1.6094379       -1.6094379      0.18614826      0.18614826
              1      -1.4141293     -0.01143888      -1.6094379       -1.6094379      0.39061717      0.39061717
              1      -0.5130809     0.027101843      -1.6094379       -1.6094379        2.192714        2.192714
              1      0.23951407     0.035195379      -1.6094379       -1.6094379        3.697904        3.697904
              1      -1.3438017    -0.013340327      -1.6094379       -1.6094379      0.53127243      0.53127243
              1      -1.2349801     0.015838873      -1.6094379       -1.6094379      0.74891564      0.74891564
              1     -0.87160001     0.022233268      -1.6094379       -1.6094379       1.4756758       1.4756758
              2      -1.0586887     -0.01920878      -1.6094379       -1.6094379       1.1014985       1.1014985
              1       -0.967213    -0.020742753      -1.6094379       -1.6094379       1.2844498       1.2844498
              2       -1.595218   -0.0030865356      -1.6094379       -1.6094379     0.028439825     0.028439825
              1      -1.0935232    -0.018591386      -1.6094379       -1.6094379       1.0318293       1.0318293
              2      -1.2123155     0.016311166      -1.6094379       -1.6094379      0.79424478      0.79424478
              1      -1.6056663    0.0015895992      -1.6094379       -1.6094379    0.0075432698    0.0075432698
              2      -1.4445285     0.010511037      -1.6094379       -1.6094379      0.32981887      0.32981887
              2      -1.5728883   -0.0049483921      -1.6094379       -1.6094379     0.073099189     0.073099189
              1      -1.4264437    -0.011072394      -1.6094379       -1.6094379      0.36598846      0.36598846
              1      -1.2232763     0.016084494      -1.6094379       -1.6094379      0.77232329      0.77232329
              3      -1.6061859    0.0014760324      -1.6094379       -1.6094379    0.0065039342    0.0065039342
              5      -1.5128612    0.0080437607      -1.6094379       -1.6094379      0.19315352      0.19315352
              3      -1.4893771    0.0089685765      -1.6094379       -1.6094379      0.24012168      0.24012168
              2      -1.5774749    0.0046274998      -1.6094379       -1.6094379     0.063925946     0.063925946
              8      -1.5574195    0.0059033874      -1.6094379       -1.6094379      0.10403678      0.10403678
              2     -0.92351209    -0.021436871      -1.6094379       -1.6094379       1.3718516       1.3718516
              1      -1.5753844    0.0047764337      -1.6094379       -1.6094379     0.068107017     0.068107017
              6      -1.6064122   -0.0014237629      -1.6094379       -1.6094379    0.0060514538    0.0060514538
              1      -1.3764212     0.012494428      -1.6094379       -1.6094379      0.46603347      0.46603347
              1      -1.6073432   -0.0011846339      -1.6094379       -1.6094379    0.0041894082    0.0041894082
              1      -1.5593889   -0.0057905609      -1.6094379       -1.6094379      0.10009805      0.10009805
              1      -1.4513469    -0.010291446      -1.6094379       -1.6094379      0.31618201      0.31618201
              2      -1.0397236    -0.019536708      -1.6094379       -1.6094379       1.1394286       1.1394286
              3       -1.155995    -0.017429468      -1.6094379       -1.6094379      0.90688583      0.90688583
              1      -1.1507597    -0.017529797      -1.6094379       -1.6094379      0.91735648      0.91735648
              1      -1.5114827   -0.0081009605      -1.6094379       -1.6094379      0.19591035      0.19591035
              4     -0.61824823     0.025769216      -1.6094379       -1.6094379       1.9823794       1.9823794
              3     -0.97156375    -0.020672373      -1.6094379       -1.6094379       1.2757483       1.2757483
              1      -1.4908546   -0.0089132212      -1.6094379       -1.6094379       0.2371667       0.2371667
              1       -1.510936   -0.0081235381      -1.6094379       -1.6094379      0.19700388      0.19700388
              1      -1.2485756     0.015548683      -1.6094379       -1.6094379      0.72172467      0.72172467
              1      -0.5923993     0.026103067      -1.6094379       -1.6094379       2.0340772       2.0340772
              2      -1.3454354     0.013299241      -1.6094379       -1.6094379      0.52800499      0.52800499
              2      -1.4476641     0.010410627      -1.6094379       -1.6094379      0.32354756      0.32354756
              1     -0.28821788     0.029751605      -1.6094379       -1.6094379       2.6424401       2.6424401
              2      -1.5147677   -0.0079639663      -1.6094379       -1.6094379      0.18934035      0.18934035
              2      -1.5501049    -0.006304796      -1.6094379       -1.6094379      0.11866603      0.11866603
              1      -1.5006011   -0.0085390738      -1.6094379       -1.6094379      0.21767366      0.21767366
              3      -1.5365323   -0.0069888128      -1.6094379       -1.6094379       0.1458113       0.1458113
              3      -1.1702939     0.017152456      -1.6094379       -1.6094379      0.87828806      0.87828806
              2      -1.5703607    0.0051166342      -1.6094379       -1.6094379     0.078154336     0.078154336
              4     -0.55140121     0.026623993      -1.6094379       -1.6094379       2.1160734       2.1160734
              1      -1.4227123      0.01118471      -1.6094379       -1.6094379      0.37345113      0.37345113
              2     -0.18727833     0.030867183      -1.6094379       -1.6094379       2.8443192       2.8443192
              1      -1.1611637     0.017329847      -1.6094379       -1.6094379      0.89654851      0.89654851
              3      -1.5671221    0.0053244422      -1.6094379       -1.6094379     0.084631607     0.084631607
              4      -1.6014387    0.0023149798      -1.6094379       -1.6094379     0.015998482     0.015998482
              2      -1.2072376     0.016415118      -1.6094379       -1.6094379       0.8044006       0.8044006
              1      -1.5627506   -0.0055927089      -1.6094379       -1.6094379     0.093374605     0.093374605
              1       -1.347192    -0.013254921      -1.6094379       -1.6094379      0.52449175      0.52449175
              1    -0.021232019    -0.032619419      -1.6094379       -1.6094379       3.1764118       3.1764118
              1      0.32556763    -0.036005093      -1.6094379       -1.6094379       3.8700111       3.8700111
              1       0.5781172    -0.038282679      -1.6094379       -1.6094379       4.3751102       4.3751102
              3      -1.5522631    0.0061890693      -1.6094379       -1.6094379       0.1143497       0.1143497
              2      -1.2962539    -0.014485137      -1.6094379       -1.6094379      0.62636802      0.62636802
              2      -1.2420778    -0.015688046      -1.6094379       -1.6094379       0.7347203       0.7347203
              1       3.1430345    -0.056426437      -1.6094379       -1.6094379       9.5049448       9.5049448
              2     -0.55665842    -0.026557766      -1.6094379       -1.6094379        2.105559        2.105559
              1      0.70422339     0.039370662      -1.6094379       -1.6094379       4.6273226       4.6273226
              2      -1.1857674     0.016847558      -1.6094379       -1.6094379      0.84734109      0.84734109
              1      -1.2355188    -0.015827476      -1.6094379       -1.6094379      0.74783828      0.74783828
              6      -1.0382827    -0.019561399      -1.6094379       -1.6094379       1.1423104       1.1423104
              1     -0.17415167     0.031009309      -1.6094379       -1.6094379       2.8705725       2.8705725
              1      -1.1125163     0.018245962      -1.6094379       -1.6094379      0.99384321      0.99384321
              2      -1.5692358   -0.0051897578      -1.6094379       -1.6094379     0.080404161     0.080404161
              3      -1.3519998     0.013132857      -1.6094379       -1.6094379      0.51487615      0.51487615
              1      -1.2953152     0.014506828      -1.6094379       -1.6094379      0.62824534      0.62824534
              1      -1.4520239     0.010269387      -1.6094379       -1.6094379      0.31482805      0.31482805
              1      -1.5365624    0.0069873663      -1.6094379       -1.6094379      0.14575094      0.14575094
              6      -1.3188726    -0.013952264      -1.6094379       -1.6094379      0.58113053      0.58113053
              3      -1.4608148    0.0099785169      -1.6094379       -1.6094379      0.29724622      0.29724622
              1      -1.4758818   -0.0094592062      -1.6094379       -1.6094379      0.26711221      0.26711221
              2      -1.6094064  -0.00014520352      -1.6094379       -1.6094379   6.2941723e-05   6.2941723e-05
              3      -1.4318413     0.010907876      -1.6094379       -1.6094379      0.35519325      0.35519325
              1       -1.465779    0.0098104545      -1.6094379       -1.6094379      0.28731785      0.28731785
              2      -1.6079538  -0.00099713407      -1.6094379       -1.6094379    0.0029681884    0.0029681884
              6      -1.4910185   -0.0089070567      -1.6094379       -1.6094379      0.23683876      0.23683876
              1     -0.95967414    -0.020864144      -1.6094379       -1.6094379       1.2995275       1.2995275
              1      -1.2422715     0.015683909      -1.6094379       -1.6094379      0.73433283      0.73433283
              3      -1.1063473     -0.01835887      -1.6094379       -1.6094379       1.0061813       1.0061813
              5      -1.1761971     0.017036779      -1.6094379       -1.6094379      0.86648155      0.86648155
              1      -1.5871402    0.0038650286      -1.6094379       -1.6094379     0.044595371     0.044595371
              1      -1.5500066   -0.0063100137      -1.6094379       -1.6094379      0.11886253      0.11886253
              1      -1.6093996   0.00016025744      -1.6094379       -1.6094379   7.6669171e-05   7.6669171e-05
              3      -1.5693469    0.0051825861      -1.6094379       -1.6094379     0.080182096     0.080182096
              2      -1.5096169     0.008177751      -1.6094379       -1.6094379      0.19964209      0.19964209
              3      -1.5902131   -0.0035888373      -1.6094379       -1.6094379     0.038449604     0.038449604
              1      -1.6094245   9.4766244e-05      -1.6094379       -1.6094379   2.6809683e-05   2.6809683e-05
              3      -1.5115444   -0.0080984116      -1.6094379       -1.6094379      0.19578708      0.19578708
              2      -1.5732489    0.0049239202      -1.6094379       -1.6094379     0.072377963     0.072377963
              2      -1.6037142   -0.0019582153      -1.6094379       -1.6094379     0.011447357     0.011447357
              3      -1.3121546    -0.014112634      -1.6094379       -1.6094379      0.59456657      0.59456657
              3      0.14275619    -0.034262096      -1.6094379       -1.6094379       3.5043882       3.5043882
              2      -1.5262305   -0.0074662734      -1.6094379       -1.6094379      0.16641487      0.16641487
              2      -1.1542115     0.017463712      -1.6094379       -1.6094379      0.91045284      0.91045284
              1      -1.5147933   -0.0079628931      -1.6094379       -1.6094379      0.18928932      0.18928932
              5      -1.5496199   -0.0063305114      -1.6094379       -1.6094379      0.11963602      0.11963602
              1      -1.1021435     0.018435413      -1.6094379       -1.6094379       1.0145889       1.0145889
              2     -0.81873702     0.023015952      -1.6094379       -1.6094379       1.5814018       1.5814018
              2      -0.4043279    -0.028414248      -1.6094379       -1.6094379         2.41022         2.41022
              1      -1.5666985   -0.0053510292      -1.6094379       -1.6094379     0.085478913     0.085478913
              3     -0.10646603     0.031732059      -1.6094379       -1.6094379       3.0059438       3.0059438
              3      -1.5478625    0.0064228321      -1.6094379       -1.6094379      0.12315087      0.12315087
              1      -1.6053529    0.0016543204      -1.6094379       -1.6094379    0.0081700288    0.0081700288
              1     -0.36167031    -0.028912768      -1.6094379       -1.6094379       2.4955352       2.4955352
              1     -0.61122281     0.025860379      -1.6094379       -1.6094379       1.9964302       1.9964302
              2      -1.5430799   -0.0066675985      -1.6094379       -1.6094379      0.13271598      0.13271598
              1      -1.4283287    -0.011015218      -1.6094379       -1.6094379      0.36221844      0.36221844
              1      0.84782286     0.040574058      -1.6094379       -1.6094379       4.9145215       4.9145215
              1     -0.84856525     0.022577654      -1.6094379       -1.6094379       1.5217453       1.5217453
              1      -1.1115799     0.018263145      -1.6094379       -1.6094379      0.99571604      0.99571604
              3      -1.4898791   -0.0089498066      -1.6094379       -1.6094379      0.23911766      0.23911766
              1      -1.1018031     0.018441596      -1.6094379       -1.6094379       1.0152696       1.0152696
              1      -1.0265132     0.019761916      -1.6094379       -1.6094379       1.1658494       1.1658494
              1      -1.4968564    0.0086847324      -1.6094379       -1.6094379      0.22516311      0.22516311
              1      -1.5053147   -0.0083521183      -1.6094379       -1.6094379      0.20824646      0.20824646
              2      -1.4686483    0.0097119876      -1.6094379       -1.6094379      0.28157921      0.28157921
              2     -0.44615374     0.027916806      -1.6094379       -1.6094379       2.3265683       2.3265683
              1     -0.84216557     0.022672405      -1.6094379       -1.6094379       1.5345447       1.5345447
              6      -1.4258492     0.011090365      -1.6094379       -1.6094379      0.36717746      0.36717746
              1     -0.63878993    -0.025500794      -1.6094379       -1.6094379        1.941296        1.941296
              1       1.4947235    -0.045603164      -1.6094379       -1.6094379       6.2083229       6.2083229
              1       1.8123778    -0.047879669      -1.6094379       -1.6094379       6.8436315       6.8436315
              1      0.61864194    -0.038635648      -1.6094379       -1.6094379       4.4561597       4.4561597
              1      -1.5183578    0.0078115042      -1.6094379       -1.6094379      0.18216028      0.18216028
              1    0.0084235284    -0.032922552      -1.6094379       -1.6094379       3.2357229       3.2357229
              1        1.423953    -0.045080323      -1.6094379       -1.6094379       6.0667819       6.0667819
              1      0.87711748    -0.040815197      -1.6094379       -1.6094379       4.9731108       4.9731108
              4       -1.220782    -0.016136356      -1.6094379       -1.6094379      0.77731179      0.77731179
              1      -1.1921696    -0.016719779      -1.6094379       -1.6094379      0.83453664      0.83453664
              2      -1.3033129    -0.014320963      -1.6094379       -1.6094379      0.61225004      0.61225004
              2      -1.6029184   -0.0020899164      -1.6094379       -1.6094379     0.013038936     0.013038936
              1      0.17868225     -0.03461156      -1.6094379       -1.6094379       3.5762403       3.5762403
              4      0.24092039     0.035208761      -1.6094379       -1.6094379       3.7007166       3.7007166
              1      -1.6037639   -0.0019496968      -1.6094379       -1.6094379     0.011347979     0.011347979
              1      -1.5954932    0.0030565263      -1.6094379       -1.6094379     0.027889492     0.027889492
              1      -1.6078018     0.001046971      -1.6094379       -1.6094379     0.003272304     0.003272304
              2      -1.5775317     0.004623386      -1.6094379       -1.6094379     0.063812337     0.063812337
              2      -1.5817608    0.0043060885      -1.6094379       -1.6094379     0.055354158     0.055354158
              3      0.60050069     0.038478039      -1.6094379       -1.6094379       4.4198772       4.4198772
              9      -1.4487013      -0.0103772      -1.6094379       -1.6094379      0.32147315      0.32147315
              3       -1.001881    -0.020175129      -1.6094379       -1.6094379       1.2151139       1.2151139
              2      -1.5605749    0.0057215392      -1.6094379       -1.6094379     0.097725994     0.097725994
              1       0.4865531     -0.03747292      -1.6094379       -1.6094379        4.191982        4.191982
              2     -0.93560743     0.021247026      -1.6094379       -1.6094379        1.347661        1.347661
              4       -1.181488    -0.016932429      -1.6094379       -1.6094379      0.85589975      0.85589975
              1      -1.6067394   -0.0013445797      -1.6094379       -1.6094379    0.0053970622    0.0053970622
              1      -1.5785573   -0.0045484737      -1.6094379       -1.6094379     0.061761198     0.061761198
              1       -1.578227    0.0045727326      -1.6094379       -1.6094379     0.062421751     0.062421751
              1      -1.1921653    -0.016719865      -1.6094379       -1.6094379       0.8345452       0.8345452
              2      -1.5613048    0.0056786484      -1.6094379       -1.6094379     0.096266305     0.096266305
              2      -1.5982999    0.0027316599      -1.6094379       -1.6094379     0.022276021     0.022276021
              1      -0.4846074     0.027451518      -1.6094379       -1.6094379        2.249661        2.249661
              1      -1.2068672     0.016422675      -1.6094379       -1.6094379      0.80514141      0.80514141
              2      -1.6093767   -0.0002025524      -1.6094379       -1.6094379   0.00012247829   0.00012247829
              2      -1.4846925    0.0091418709      -1.6094379       -1.6094379      0.24949079      0.24949079
              1      -1.5669633   -0.0053344217      -1.6094379       -1.6094379     0.084949151     0.084949151
              1      -1.6075249    0.0011320838      -1.6094379       -1.6094379    0.0038259698    0.0038259698
              1       -1.311729    -0.014122732      -1.6094379       -1.6094379      0.59541775      0.59541775
              4      -1.5391975   -0.0068598755      -1.6094379       -1.6094379      0.14048075      0.14048075
              2      -1.5541435   -0.0060864429      -1.6094379       -1.6094379      0.11058888      0.11058888
              3      -1.3914336     0.012085244      -1.6094379       -1.6094379      0.43600872      0.43600872
              6      -1.3934643    -0.012028823      -1.6094379       -1.6094379      0.43194713      0.43194713
              2      -0.1938067    -0.030796254      -1.6094379       -1.6094379       2.8312624       2.8312624
              1      -1.5174825    -0.007848949      -1.6094379       -1.6094379      0.18391086      0.18391086
              6     -0.74084327    -0.024123004      -1.6094379       -1.6094379       1.7371893       1.7371893
              4     -0.74713045    -0.024035541      -1.6094379       -1.6094379       1.7246149       1.7246149
              1     -0.27058507    -0.029949477      -1.6094379       -1.6094379       2.6777057       2.6777057
              4      -1.6092411   0.00036310773      -1.6094379       -1.6094379   0.00039360023   0.00039360023
              2      -1.5414331   -0.0067498259      -1.6094379       -1.6094379      0.13600958      0.13600958
              6      -1.6024769    0.0021595228      -1.6094379       -1.6094379     0.013921946     0.013921946
              1      0.19324335       0.0347522      -1.6094379       -1.6094379       3.6053625       3.6053625
              2      -1.5757581    0.0047501511      -1.6094379       -1.6094379     0.067359553     0.067359553
              3      -1.4831359    -0.009198732      -1.6094379       -1.6094379      0.25260403      0.25260403
              3    -0.047238152    -0.032351253      -1.6094379       -1.6094379       3.1243995       3.1243995
              1     -0.94947573     0.021027244      -1.6094379       -1.6094379       1.3199244       1.3199244
              4      -1.2604909     0.015289826      -1.6094379       -1.6094379      0.69789395      0.69789395
              1      -1.3614217     0.012890296      -1.6094379       -1.6094379      0.49603252      0.49603252
              2      -1.5290023    0.0073408634      -1.6094379       -1.6094379      0.16087132      0.16087132
              1      -1.4071957     0.011640154      -1.6094379       -1.6094379      0.40448445      0.40448445
              4     -0.73127444    -0.024255515      -1.6094379       -1.6094379       1.7563269       1.7563269
              3       1.9502285    -0.048834582      -1.6094379       -1.6094379       7.1193329       7.1193329
              1       1.6021448     0.046385515      -1.6094379       -1.6094379       6.4231655       6.4231655
              1       2.0841857     0.049744966      -1.6094379       -1.6094379       7.3872472       7.3872472
              1    -0.082328492      0.03198585      -1.6094379       -1.6094379       3.0542188       3.0542188
              2      -1.5010701    0.0085206555      -1.6094379       -1.6094379      0.21673566      0.21673566
              1       0.1394196     0.034229459      -1.6094379       -1.6094379        3.497715        3.497715
              2      -1.1636738     0.017281258      -1.6094379       -1.6094379      0.89152818      0.89152818
              5      -1.3363152     0.013527007      -1.6094379       -1.6094379      0.54624536      0.54624536
              1       -1.552428    0.0061801352      -1.6094379       -1.6094379      0.11401981      0.11401981
              1      -1.2572629    -0.015360385      -1.6094379       -1.6094379      0.70435006      0.70435006
              2      -1.0871201     0.018706401      -1.6094379       -1.6094379       1.0446356       1.0446356
              2      -1.3667655     -0.01275067      -1.6094379       -1.6094379      0.48534481      0.48534481
              4      -1.3731965    -0.012580585      -1.6094379       -1.6094379      0.47248283      0.47248283
              2      -1.6092918  -0.00031287087      -1.6094379       -1.6094379   0.00029222313   0.00029222313
              1     -0.47798389     0.027532223      -1.6094379       -1.6094379        2.262908        2.262908
              1      -1.1425659    -0.017685679      -1.6094379       -1.6094379      0.93374395      0.93374395
              2      -1.0106607     0.020028824      -1.6094379       -1.6094379       1.1975544       1.1975544
              1        -1.60915  -0.00043917732      -1.6094379       -1.6094379   0.00057579004   0.00057579004
              2      -1.5685807   -0.0052318726      -1.6094379       -1.6094379     0.081714413     0.081714413
              5     -0.77158946    -0.023692209      -1.6094379       -1.6094379       1.6756969       1.6756969
              1     -0.92133075     -0.02147093      -1.6094379       -1.6094379       1.3762143       1.3762143
             10      -1.6089895   0.00054810264      -1.6094379       -1.6094379   0.00089682589   0.00089682589
              5      -1.5768386   -0.0046733355      -1.6094379       -1.6094379       0.0651986       0.0651986
              1      -1.0160161    -0.019939056      -1.6094379       -1.6094379       1.1868437       1.1868437
              1      -1.5081803   -0.0082363843      -1.6094379       -1.6094379      0.20251517      0.20251517
              3      -1.5259473   -0.0074789695      -1.6094379       -1.6094379      0.16698131      0.16698131
              1      -1.2480909     0.015559121      -1.6094379       -1.6094379      0.72269405      0.72269405
              1     -0.82792542     0.022881832      -1.6094379       -1.6094379        1.563025        1.563025
              1      -1.5617893   -0.0056499953      -1.6094379       -1.6094379     0.095297282     0.095297282
              1      0.92399596     -0.04119814      -1.6094379       -1.6094379       5.0668677       5.0668677
              1   -0.0024829652     0.032811393      -1.6094379       -1.6094379       3.2139099       3.2139099
              1      -1.3203027     0.013917887      -1.6094379       -1.6094379      0.57827038      0.57827038
              1    -0.036921184     0.032457903      -1.6094379       -1.6094379       3.1450335       3.1450335
              2       -1.565312   -0.0054371323      -1.6094379       -1.6094379     0.088251917     0.088251917
              1     -0.79613297    -0.023342616      -1.6094379       -1.6094379       1.6266099       1.6266099
              3      -1.5307024    0.0072628664      -1.6094379       -1.6094379      0.15747095      0.15747095
              2       1.6017134      -0.0463824      -1.6094379       -1.6094379       6.4223027       6.4223027
              4      -1.1583263    -0.017384606      -1.6094379       -1.6094379      0.90222331      0.90222331
              2      -1.5607192   -0.0057130833      -1.6094379       -1.6094379     0.097437349     0.097437349
              2       -1.436959    -0.010749564      -1.6094379       -1.6094379      0.34495787      0.34495787
              2      -0.7632687    -0.023809564      -1.6094379       -1.6094379       1.6923384       1.6923384
              2     -0.51186002    -0.027116929      -1.6094379       -1.6094379       2.1951558       2.1951558
              2      0.34183473    -0.036156119      -1.6094379       -1.6094379       3.9025453       3.9025453
              1     -0.71326335    -0.024502993      -1.6094379       -1.6094379       1.7923491       1.7923491
              1      -1.3372415    -0.013504049      -1.6094379       -1.6094379      0.54439274      0.54439274
              2     -0.68557587     0.024878626      -1.6094379       -1.6094379       1.8477241       1.8477241
              1     -0.84072458    -0.022693685      -1.6094379       -1.6094379       1.5374267       1.5374267
              4      -1.5690147    0.0052040145      -1.6094379       -1.6094379     0.080846522     0.080846522
              2      -1.0249843     0.019787815      -1.6094379       -1.6094379       1.1689072       1.1689072
              1      -1.0600286    -0.019185399      -1.6094379       -1.6094379       1.0988186       1.0988186
              1      -1.6025029   -0.0021554928      -1.6094379       -1.6094379     0.013870033     0.013870033
              2      -1.6037733   -0.0019480875      -1.6094379       -1.6094379     0.011329253     0.011329253
              1      -1.1003948    -0.018467159      -1.6094379       -1.6094379       1.0180862       1.0180862
              2      -1.5545725    0.0060627839      -1.6094379       -1.6094379      0.10973079      0.10973079
              3      -1.0915166    -0.018627507      -1.6094379       -1.6094379       1.0358427       1.0358427
              1     -0.52700881    -0.026929144      -1.6094379       -1.6094379       2.1648582       2.1648582
              1      0.35657426      0.03629242      -1.6094379       -1.6094379       3.9320243       3.9320243
              1      -1.3447194     0.013317264      -1.6094379       -1.6094379      0.52943711      0.52943711
              2      -1.3382316     0.013479467      -1.6094379       -1.6094379      0.54241261      0.54241261
              1      -1.2875603     0.014684806      -1.6094379       -1.6094379      0.64375524      0.64375524
              2      -1.5468268    0.0064766199      -1.6094379       -1.6094379      0.12522215      0.12522215
              2     -0.70453953    -0.024621966      -1.6094379       -1.6094379       1.8097968       1.8097968
              1     -0.11362849    -0.031656359      -1.6094379       -1.6094379       2.9916189       2.9916189
              3      -1.4611276    0.0099680104      -1.6094379       -1.6094379       0.2966206       0.2966206
              1      -1.3745768    -0.012543779      -1.6094379       -1.6094379      0.46972228      0.46972228
              1      0.91608567    -0.041133772      -1.6094379       -1.6094379       5.0510472       5.0510472
              1      0.73624836    -0.039642204      -1.6094379       -1.6094379       4.6913725       4.6913725
              2       2.8456886     0.054632723      -1.6094379       -1.6094379       8.9102531       8.9102531
              1       2.7572856     0.054087969      -1.6094379       -1.6094379       8.7334471       8.7334471
              4     -0.37375979    -0.028772361      -1.6094379       -1.6094379       2.4713562       2.4713562
              3     -0.22023937     0.030507385      -1.6094379       -1.6094379       2.7783971       2.7783971
              1     -0.77396628      0.02365858      -1.6094379       -1.6094379       1.6709433       1.6709433
              1      -1.5990996    0.0026317678      -1.6094379       -1.6094379     0.020676617     0.020676617
              2      -1.4072952    -0.011637289      -1.6094379       -1.6094379      0.40428536      0.40428536
              1      -1.5255147   -0.0074983194      -1.6094379       -1.6094379      0.16784647      0.16784647
              1      -1.3953505    -0.011976182      -1.6094379       -1.6094379      0.42817481      0.42817481
              1     -0.79729554     0.023325927      -1.6094379       -1.6094379       1.6242847       1.6242847
              1     -0.93310474    -0.021286447      -1.6094379       -1.6094379       1.3526664       1.3526664
              1      -1.5669228    0.0053369647      -1.6094379       -1.6094379     0.085030161     0.085030161
              2       -1.367426     0.012733306      -1.6094379       -1.6094379      0.48402377      0.48402377
              1      -1.5555974   -0.0060058887      -1.6094379       -1.6094379      0.10768096      0.10768096
              2      -1.3957294     0.011965578      -1.6094379       -1.6094379      0.42741695      0.42741695
              1      -1.4572433     0.010097699      -1.6094379       -1.6094379      0.30438916      0.30438916
              3      -1.2727894    -0.015017969      -1.6094379       -1.6094379      0.67329708      0.67329708
              1      -1.1951777     0.016659404      -1.6094379       -1.6094379      0.82852052      0.82852052
              1      -1.3350117     0.013559248      -1.6094379       -1.6094379      0.54885236      0.54885236
              1      -1.0131958     0.019986381      -1.6094379       -1.6094379       1.1924842       1.1924842
              1      0.48041754    -0.037418033      -1.6094379       -1.6094379       4.1797109       4.1797109
              6      -1.2701472    -0.015076787      -1.6094379       -1.6094379      0.67858139      0.67858139
              2      -1.4018156    -0.011793966      -1.6094379       -1.6094379      0.41524469      0.41524469
              3      -1.4833894   -0.0091894966      -1.6094379       -1.6094379      0.25209706      0.25209706
              2     -0.53420339      -0.0268395      -1.6094379       -1.6094379        2.150469        2.150469
              3      -1.0999047    -0.018476048      -1.6094379       -1.6094379       1.0190665       1.0190665
              2       -1.380846     0.012375229      -1.6094379       -1.6094379       0.4571838       0.4571838
              1      -1.5447488   -0.0065832204      -1.6094379       -1.6094379      0.12937821      0.12937821
              3      -1.3718462     0.012616489      -1.6094379       -1.6094379      0.47518349      0.47518349
              1     -0.61623593    -0.025795361      -1.6094379       -1.6094379        1.986404        1.986404
              4       2.2093526     0.050580806      -1.6094379       -1.6094379       7.6375811       7.6375811
              1      0.60744906     0.038538482      -1.6094379       -1.6094379       4.4337739       4.4337739
              2     -0.99292115     0.020323349      -1.6094379       -1.6094379       1.2330335       1.2330335
              5      -1.0086623      0.02006222      -1.6094379       -1.6094379       1.2015513       1.2015513
              1      -1.6094064   0.00014525675      -1.6094379       -1.6094379   6.2987876e-05   6.2987876e-05
              1     -0.46356175    -0.027707138      -1.6094379       -1.6094379       2.2917523       2.2917523
              4       -1.026335     0.019764937      -1.6094379       -1.6094379       1.1662059       1.1662059
              1      -1.0302523     0.019698435      -1.6094379       -1.6094379       1.1583713       1.1583713
              3     -0.76934659     0.023723899      -1.6094379       -1.6094379       1.6801827       1.6801827
              2      -1.4583854    -0.010059742      -1.6094379       -1.6094379      0.30210509      0.30210509
              1      -1.3989628    -0.011874714      -1.6094379       -1.6094379      0.42095013      0.42095013
              1      -1.5216469   -0.0076691598      -1.6094379       -1.6094379      0.17558197      0.17558197
              2      -1.5733306   -0.0049183638      -1.6094379       -1.6094379     0.072214707     0.072214707
              1       -1.598474    -0.002710223      -1.6094379       -1.6094379     0.021927767     0.021927767
              6      -1.1958222     0.016646439      -1.6094379       -1.6094379      0.82723141      0.82723141
              3      -0.7104274    -0.024541732      -1.6094379       -1.6094379        1.798021        1.798021
              3      -1.2635849     0.015221891      -1.6094379       -1.6094379      0.69170604      0.69170604
              9     -0.88746902     0.021992878      -1.6094379       -1.6094379       1.4439378       1.4439378
              4      -1.0082981      -0.0200683      -1.6094379       -1.6094379       1.2022797       1.2022797
              1      -1.3292533     0.013700769      -1.6094379       -1.6094379      0.56036913      0.56036913
              3      -1.6072559    0.0012090791      -1.6094379       -1.6094379    0.0043640911    0.0043640911
              4      -1.6086323   0.00073464233      -1.6094379       -1.6094379     0.001611151     0.001611151
              2      -1.5991918    0.0026200116      -1.6094379       -1.6094379     0.020492303     0.020492303
              2      -1.6059345     0.001532025      -1.6094379       -1.6094379    0.0070067409    0.0070067409
              1      0.10626703    -0.033903468      -1.6094379       -1.6094379       3.4314099       3.4314099
              5       1.8117192    -0.047875061      -1.6094379       -1.6094379       6.8423143       6.8423143
              8       1.6960886    -0.047059049      -1.6094379       -1.6094379       6.6110531       6.6110531
              2      -1.5013979   -0.0085077573      -1.6094379       -1.6094379      0.21607998      0.21607998
              1      -1.6041651    0.0018795084      -1.6094379       -1.6094379     0.010545639     0.010545639
              2       -1.588505   -0.0037448794      -1.6094379       -1.6094379     0.041865861     0.041865861
              4      -1.4172959      0.01134577      -1.6094379       -1.6094379      0.38428399      0.38428399
              5      -1.5386775   -0.0068852222      -1.6094379       -1.6094379       0.1415208       0.1415208
              4      -1.6086946  -0.00070569781      -1.6094379       -1.6094379     0.001486695     0.001486695
              2      -1.5447069    0.0065853513      -1.6094379       -1.6094379      0.12946198      0.12946198
              3       -0.412975    -0.028312124      -1.6094379       -1.6094379       2.3929258       2.3929258
              1     -0.86878335    -0.022275665      -1.6094379       -1.6094379       1.4813091       1.4813091
              5     -0.81801913    -0.023026398      -1.6094379       -1.6094379       1.5828376       1.5828376
              2     -0.92813052    -0.021364581      -1.6094379       -1.6094379       1.3626148       1.3626148
              1     -0.57724618    -0.026296807      -1.6094379       -1.6094379       2.0643835       2.0643835
              6     -0.31734966    -0.029421778      -1.6094379       -1.6094379       2.5841765       2.5841765
              2       1.3089631    -0.044217614      -1.6094379       -1.6094379       5.8368019       5.8368019
              1      -1.5776411   -0.0046154569      -1.6094379       -1.6094379      0.06359365      0.06359365
              7      -1.5025307    -0.008463039      -1.6094379       -1.6094379      0.21381444      0.21381444
              2     -0.67177706    -0.025063731      -1.6094379       -1.6094379       1.8753217       1.8753217
              1     -0.76861387    -0.023734243      -1.6094379       -1.6094379       1.6816481       1.6816481
              5       1.0032445    -0.041837539      -1.6094379       -1.6094379       5.2253648       5.2253648
              5    -0.071710979    -0.032096852      -1.6094379       -1.6094379       3.0754539       3.0754539
              1      -1.4624957    0.0099219278      -1.6094379       -1.6094379      0.29388436      0.29388436
              2      -1.3881947     0.012174687      -1.6094379       -1.6094379      0.44248641      0.44248641
              7      -1.5796128   -0.0044700669      -1.6094379       -1.6094379     0.059650267     0.059650267
              1  -0.00035146542    -0.032833147      -1.6094379       -1.6094379       3.2181729       3.2181729
             10      0.20526454     -0.03486788      -1.6094379       -1.6094379       3.6294049       3.6294049
              1      -0.8913971    -0.021932967      -1.6094379       -1.6094379       1.4360816       1.4360816
              1      -1.6045147    0.0018161283      -1.6094379       -1.6094379     0.009846398     0.009846398
              3      -1.3080176    -0.014210491      -1.6094379       -1.6094379      0.60284063      0.60284063
              2      -0.9686875    -0.020718928      -1.6094379       -1.6094379       1.2815008       1.2815008
              7      -1.5801662    0.0044283976      -1.6094379       -1.6094379     0.058543349     0.058543349
              1       -1.144319    -0.017652444      -1.6094379       -1.6094379      0.93023787      0.93023787
              2      -1.5818405    0.0042998839      -1.6094379       -1.6094379     0.055194755     0.055194755
              4      -1.5892621    0.0036765304      -1.6094379       -1.6094379     0.040351591     0.040351591
              2      -1.5661281    0.0053866162      -1.6094379       -1.6094379     0.086619648     0.086619648
              1      -1.6094027   -0.0001535153      -1.6094379       -1.6094379   7.0353822e-05   7.0353822e-05
              1     -0.28056326     0.029837665      -1.6094379       -1.6094379       2.6577493       2.6577493
              2      -1.5948113    0.0031303632      -1.6094379       -1.6094379     0.029253229     0.029253229
              5      -1.4822678    0.0092302902      -1.6094379       -1.6094379      0.25434023      0.25434023
              1      -1.5243009   -0.0075523471      -1.6094379       -1.6094379      0.17027396      0.17027396
              2      -1.3180066     0.013973041      -1.6094379       -1.6094379      0.58286266      0.58286266
              4      -1.3201261     0.013922137      -1.6094379       -1.6094379      0.57862361      0.57862361
              2      -1.3621509     0.012871331      -1.6094379       -1.6094379      0.49457401      0.49457401
              4       -1.594933    0.0031173081      -1.6094379       -1.6094379     0.029009738     0.029009738
              3       -1.582208    0.0042711641      -1.6094379       -1.6094379     0.054459902     0.054459902
             10      -1.5724863    -0.004975534      -1.6094379       -1.6094379     0.073903286     0.073903286
              2      -1.5268329     0.007439198      -1.6094379       -1.6094379      0.16521009      0.16521009
              2     -0.70654736    -0.024594635      -1.6094379       -1.6094379       1.8057811       1.8057811
              1      -1.5874959   -0.0038340827      -1.6094379       -1.6094379     0.043884111     0.043884111
              1      -1.2037858    -0.016485408      -1.6094379       -1.6094379      0.81130426      0.81130426
              2     -0.20998867     0.030619733      -1.6094379       -1.6094379       2.7988985       2.7988985
              1      -1.5744556     0.004841137      -1.6094379       -1.6094379     0.069964719     0.069964719
              3      -1.5436056   -0.0066411373      -1.6094379       -1.6094379      0.13166467      0.13166467
              4     -0.95263809    -0.020976805      -1.6094379       -1.6094379       1.3135997       1.3135997
              4      -1.6082543   -0.0008904691      -1.6094379       -1.6094379    0.0023671297    0.0023671297
              4      -1.4439626    -0.010529057      -1.6094379       -1.6094379      0.33095068      0.33095068
              2      -1.5786848   -0.0045390727      -1.6094379       -1.6094379     0.061506161     0.061506161
              5      -1.3852343      0.01225587      -1.6094379       -1.6094379      0.44840723      0.44840723
              2      -1.2473478     0.015575111      -1.6094379       -1.6094379      0.72418016      0.72418016
              2      -1.6065909   -0.0013810646      -1.6094379       -1.6094379    0.0056939324    0.0056939324
              1      -1.4833142   -0.0091922355      -1.6094379       -1.6094379      0.25224736      0.25224736
              1      -1.0642366    -0.019111786      -1.6094379       -1.6094379       1.0904026       1.0904026
              3      -1.1859687     0.016843555      -1.6094379       -1.6094379      0.84693847      0.84693847
              2     -0.81720039     0.023038305      -1.6094379       -1.6094379        1.584475        1.584475
              2      0.68009971    -0.039164872      -1.6094379       -1.6094379       4.5790752       4.5790752
             10      -1.5900581    0.0036032722      -1.6094379       -1.6094379      0.03875953      0.03875953
              7      -1.1489111    -0.017565086      -1.6094379       -1.6094379      0.92105361      0.92105361
              2      -1.4782892    0.0093735653      -1.6094379       -1.6094379      0.26229739      0.26229739
              3      -1.5968641   -0.0029023915      -1.6094379       -1.6094379     0.025147589     0.025147589
              1      -1.5147081     0.007966476      -1.6094379       -1.6094379       0.1894597       0.1894597
              3     -0.91625359    -0.021549996      -1.6094379       -1.6094379       1.3863686       1.3863686
              3      -1.3216568    -0.013885258      -1.6094379       -1.6094379      0.57556218      0.57556218
              2     -0.69241527    -0.024786366      -1.6094379       -1.6094379       1.8340453       1.8340453
              2      -1.0316739     0.019674244      -1.6094379       -1.6094379        1.155528        1.155528
              8      -1.0726388     0.018963946      -1.6094379       -1.6094379       1.0735981       1.0735981
              1      -1.2774972    -0.014912589      -1.6094379       -1.6094379      0.66388134      0.66388134
              2       -1.360419     0.012916327      -1.6094379       -1.6094379      0.49803791      0.49803791
              2      -1.0784715    -0.018860636      -1.6094379       -1.6094379       1.0619328       1.0619328
              5      -1.4525749    -0.010251397      -1.6094379       -1.6094379      0.31372596      0.31372596
              5      -1.5918074     0.003436813      -1.6094379       -1.6094379     0.035261125     0.035261125
              1      -1.5055862    0.0083412197      -1.6094379       -1.6094379      0.20770334      0.20770334
              2       -1.607002    0.0012774681      -1.6094379       -1.6094379    0.0048717444    0.0048717444
              4      -1.4530019     0.010237435      -1.6094379       -1.6094379        0.312872        0.312872
              1      -1.5830563    0.0042041039      -1.6094379       -1.6094379     0.052763212     0.052763212
              1     -0.99576691     0.020276389      -1.6094379       -1.6094379        1.227342        1.227342
              1      -1.5587274   -0.0058286997      -1.6094379       -1.6094379      0.10142096      0.10142096
              1      -1.6082337   0.00089819138      -1.6094379       -1.6094379    0.0024083639    0.0024083639
              3      -1.1419114    -0.017698071      -1.6094379       -1.6094379      0.93505299      0.93505299
              1       -1.111701     0.018260924      -1.6094379       -1.6094379      0.99547386      0.99547386
              1       -1.369498      0.01267868      -1.6094379       -1.6094379      0.47987978      0.47987978
              1     -0.83373255     -0.02279666      -1.6094379       -1.6094379       1.5514107       1.5514107
              1     -0.44701964     0.027906414      -1.6094379       -1.6094379       2.3248365       2.3248365
              1       1.7706351      0.04758673      -1.6094379       -1.6094379       6.7601459       6.7601459
              1      -1.3828216    -0.012321638      -1.6094379       -1.6094379      0.45323272      0.45323272
              3      -0.8680572     0.022286582      -1.6094379       -1.6094379       1.4827614       1.4827614
              1      -1.1799147     0.016963526      -1.6094379       -1.6094379      0.85904636      0.85904636
              4      0.62071643      0.03865363      -1.6094379       -1.6094379       4.4603087       4.4603087
              4      0.58095661     0.038307516      -1.6094379       -1.6094379        4.380789        4.380789
              1       1.3888882     -0.04481901      -1.6094379       -1.6094379       5.9966523       5.9966523
              1        3.745293    -0.059895149      -1.6094379       -1.6094379       10.709462       10.709462
              1       4.1512305    -0.062123979      -1.6094379       -1.6094379       11.521337       11.521337
              2        1.887184      -0.0484002      -1.6094379       -1.6094379       6.9932438       6.9932438
              1       1.7697033    -0.047580171      -1.6094379       -1.6094379       6.7582825       6.7582825
              4       1.1665269    -0.043125069      -1.6094379       -1.6094379       5.5519296       5.5519296
              4       1.1748021      -0.0431893      -1.6094379       -1.6094379       5.5684801       5.5684801
              1       2.2067962    -0.050563872      -1.6094379       -1.6094379       7.6324681       7.6324681
              2      -1.5583641    0.0058495437      -1.6094379       -1.6094379      0.10214764      0.10214764
              3      0.12513484     0.034089379      -1.6094379       -1.6094379       3.4691455       3.4691455
              1      -1.3534373    -0.013096141      -1.6094379       -1.6094379      0.51200128      0.51200128
              3      -1.4204406     0.011252542      -1.6094379       -1.6094379       0.3779946       0.3779946
              3       -1.267989    -0.015124662      -1.6094379       -1.6094379      0.68289779      0.68289779
             11      -1.6081274  -0.00093699184      -1.6094379       -1.6094379    0.0026209333    0.0026209333
              2     -0.92217208      -0.0214578      -1.6094379       -1.6094379       1.3745317       1.3745317
              1      -1.0450324     0.019445471      -1.6094379       -1.6094379       1.1288111       1.1288111
              2     -0.72492806     0.024343004      -1.6094379       -1.6094379       1.7690197       1.7690197
              3     0.053599839     0.033379043      -1.6094379       -1.6094379       3.3260755       3.3260755
              2      -1.5555989   -0.0060058071      -1.6094379       -1.6094379      0.10767803      0.10767803
              4      -1.6048545    0.0017523443      -1.6094379       -1.6094379    0.0091669153    0.0091669153
              1      -1.5907504    -0.003538332      -1.6094379       -1.6094379     0.037375025     0.037375025
              4      -1.4211923    -0.011230143      -1.6094379       -1.6094379      0.37649126      0.37649126
              1      -1.5454322   -0.0065483521      -1.6094379       -1.6094379      0.12801133      0.12801133
              4      -1.0312564    -0.019681352      -1.6094379       -1.6094379       1.1563631       1.1563631
              1     -0.93480137     -0.02125973      -1.6094379       -1.6094379       1.3492731       1.3492731
              1     0.019701889    -0.033037106      -1.6094379       -1.6094379       3.2582796       3.2582796
              2      -1.4455469     0.010478531      -1.6094379       -1.6094379      0.32778201      0.32778201
              3      -1.4417333    -0.010599742      -1.6094379       -1.6094379      0.33540919      0.33540919
              1       -1.563269    0.0055615743      -1.6094379       -1.6094379     0.092337867     0.092337867
              1      -1.6054722   -0.0016299905      -1.6094379       -1.6094379    0.0079314843    0.0079314843
              2      -1.4431954    -0.010553437      -1.6094379       -1.6094379      0.33248511      0.33248511
              2      -1.1728308     -0.01710284      -1.6094379       -1.6094379       0.8732142       0.8732142
              2       -1.231441    -0.015913546      -1.6094379       -1.6094379      0.75599383      0.75599383
              1     -0.75104236    -0.023980959      -1.6094379       -1.6094379       1.7167911       1.7167911
              3      -1.3727093      0.01259355      -1.6094379       -1.6094379      0.47345713      0.47345713
              1      -0.8776304    -0.022142225      -1.6094379       -1.6094379        1.463615        1.463615
              1      -1.6084737   0.00080372942      -1.6094379       -1.6094379    0.0019284309    0.0019284309
              2     -0.17599315      0.03098941      -1.6094379       -1.6094379       2.8668895       2.8668895
              2      -1.6069772   -0.0012839566      -1.6094379       -1.6094379    0.0049213592    0.0049213592
              3      -1.4608239    0.0099782117      -1.6094379       -1.6094379      0.29722804      0.29722804
              1      -0.5652125     0.026449652      -1.6094379       -1.6094379       2.0884508       2.0884508
              3      -1.5821547    -0.004275337      -1.6094379       -1.6094379     0.054566369     0.054566369
              2     -0.38690604    -0.028618899      -1.6094379       -1.6094379       2.4450637       2.4450637
              3      -1.5558283   -0.0059930006      -1.6094379       -1.6094379      0.10721931      0.10721931
              8      -1.6086645   0.00071983191      -1.6094379       -1.6094379    0.0015468441    0.0015468441
              1      -1.0226269     0.019827682      -1.6094379       -1.6094379        1.173622        1.173622
              2     -0.85820412     0.022434189      -1.6094379       -1.6094379       1.5024676       1.5024676
              6      -1.6072655   -0.0012064099      -1.6094379       -1.6094379    0.0043448435    0.0043448435
              2      -1.6039655    0.0019147441      -1.6094379       -1.6094379      0.01094475      0.01094475
              8      -1.5919597    0.0034219312      -1.6094379       -1.6094379     0.034956416     0.034956416
              2     -0.71881662     0.024426957      -1.6094379       -1.6094379       1.7812426       1.7812426
              3      -1.1274009    -0.017970618      -1.6094379       -1.6094379      0.96407398      0.96407398
              2      -1.0299553    -0.019703484      -1.6094379       -1.6094379       1.1589652       1.1589652
              1      -1.1494283      0.01755522      -1.6094379       -1.6094379      0.92001924      0.92001924
              1      -1.5901597   -0.0035938231      -1.6094379       -1.6094379     0.038556511     0.038556511
              2      -1.2947196     0.014520577      -1.6094379       -1.6094379      0.62943672      0.62943672
              1      -1.0705601     0.019000629      -1.6094379       -1.6094379       1.0777557       1.0777557
              1     -0.91893892     0.021508214      -1.6094379       -1.6094379        1.380998        1.380998
              2      -1.3063445    -0.014249876      -1.6094379       -1.6094379      0.60618688      0.60618688
              3      -1.5267843   -0.0074413864      -1.6094379       -1.6094379      0.16530731      0.16530731
              3      -1.5313883    0.0072311624      -1.6094379       -1.6094379      0.15609916      0.15609916
              3      -1.2977584    -0.014450303      -1.6094379       -1.6094379      0.62335902      0.62335902
              2     -0.50452279     0.027207415      -1.6094379       -1.6094379       2.2098302       2.2098302
              3      0.80430001     -0.04021313      -1.6094379       -1.6094379       4.8274758       4.8274758
              3      -1.4008997     0.011819951      -1.6094379       -1.6094379       0.4170765       0.4170765
              6      0.42555145    -0.036923588      -1.6094379       -1.6094379       4.0699787       4.0699787
              2    0.0096356448    -0.032934882      -1.6094379       -1.6094379       3.2381471       3.2381471
              1     -0.71490331    -0.024480563      -1.6094379       -1.6094379       1.7890692       1.7890692
              1       1.7563011    -0.047485721      -1.6094379       -1.6094379       6.7314779       6.7314779
              3       1.4734179    -0.045446394      -1.6094379       -1.6094379       6.1657117       6.1657117
              1      -1.3513085    -0.013150478      -1.6094379       -1.6094379      0.51625879      0.51625879
              1      -1.6093411   0.00025470347      -1.6094379       -1.6094379   0.00019366631   0.00019366631
              9      -1.5676491    -0.005291181      -1.6094379       -1.6094379     0.083577541     0.083577541
              1      -1.5538825    0.0061007908      -1.6094379       -1.6094379      0.11111089      0.11111089
              1      -1.2868959     0.014699954      -1.6094379       -1.6094379      0.64508402      0.64508402
              3      0.88416072     0.040872961      -1.6094379       -1.6094379       4.9871973       4.9871973
              4      -1.5159811   -0.0079127666      -1.6094379       -1.6094379      0.18691366      0.18691366
              1      -1.5495406    0.0063347082      -1.6094379       -1.6094379      0.11979469      0.11979469
              1       -1.590018   -0.0036070013      -1.6094379       -1.6094379     0.038839796     0.038839796
              1       1.7899627     0.047722589      -1.6094379       -1.6094379       6.7988011       6.7988011
              1       -1.579033   -0.0045133024      -1.6094379       -1.6094379     0.060809748     0.060809748
              3       0.4274375    -0.036940695      -1.6094379       -1.6094379       4.0737508       4.0737508
              1      -1.2731128     0.015010752      -1.6094379       -1.6094379      0.67265013      0.67265013
              2       -1.609413   0.00012921202      -1.6094379       -1.6094379   4.9841392e-05   4.9841392e-05
              2       1.2308373    -0.043621745      -1.6094379       -1.6094379       5.6805505       5.6805505
              7     -0.54821923    -0.026663998      -1.6094379       -1.6094379       2.1224374       2.1224374
              3     -0.57846412     0.026281288      -1.6094379       -1.6094379       2.0619476       2.0619476
              2       -1.055791     0.019259245      -1.6094379       -1.6094379       1.1072938       1.1072938
              1     -0.91520209     0.021566334      -1.6094379       -1.6094379       1.3884717       1.3884717
              5      -1.5890013      0.00370022      -1.6094379       -1.6094379     0.040873276     0.040873276
              1      -1.4700989    0.0096618253      -1.6094379       -1.6094379      0.27867801      0.27867801
              1     -0.54302748     0.026729142      -1.6094379       -1.6094379       2.1328209       2.1328209
              5     -0.98779088     0.020407733      -1.6094379       -1.6094379       1.2432941       1.2432941
              2      0.18551338     -0.03467761      -1.6094379       -1.6094379       3.5899026       3.5899026
              3     -0.51362196     0.027095155      -1.6094379       -1.6094379       2.1916319       2.1916319
              1      -1.5380794   -0.0069142606      -1.6094379       -1.6094379      0.14271704      0.14271704
              1       -1.444802    -0.010502316      -1.6094379       -1.6094379      0.32927176      0.32927176
              4      -1.2511546     0.015493021      -1.6094379       -1.6094379      0.71656657      0.71656657
              3      -1.5609834    0.0056975754      -1.6094379       -1.6094379     0.096909088     0.096909088
              1      -0.7135847    -0.024498599      -1.6094379       -1.6094379       1.7917064       1.7917064
              1     -0.85762097     0.022442895      -1.6094379       -1.6094379       1.5036339       1.5036339
              1      -1.4586276     0.010051674      -1.6094379       -1.6094379      0.30162067      0.30162067
              3      -1.5578882   -0.0058767328      -1.6094379       -1.6094379      0.10309942      0.10309942
              2      -1.2718095      0.01503981      -1.6094379       -1.6094379       0.6752569       0.6752569
              1      -1.3085694    -0.014197477      -1.6094379       -1.6094379      0.60173695      0.60173695
              1      -1.1924864      0.01671343      -1.6094379       -1.6094379      0.83390296      0.83390296
              2      -1.0894244     0.018665092      -1.6094379       -1.6094379        1.040027        1.040027
              1     -0.90082303     0.021788531      -1.6094379       -1.6094379       1.4172298       1.4172298
              2     -0.87074367    -0.022246166      -1.6094379       -1.6094379       1.4773885       1.4773885
              1      -1.5036358   -0.0084191841      -1.6094379       -1.6094379      0.21160424      0.21160424
              1      -1.3208104    -0.013905663      -1.6094379       -1.6094379      0.57725505      0.57725505
              1      -1.4795017    0.0093301363      -1.6094379       -1.6094379       0.2598725       0.2598725
              3      -1.1922965    -0.016717237      -1.6094379       -1.6094379      0.83428289      0.83428289
              1      -1.0821298      0.01879555      -1.6094379       -1.6094379       1.0546162       1.0546162
              2      -1.6094333  -5.5469969e-05      -1.6094379       -1.6094379    9.185445e-06    9.185445e-06
              4      -1.5925969   -0.0033589804      -1.6094379       -1.6094379      0.03368211      0.03368211
              1       -1.608339   0.00085802227      -1.6094379       -1.6094379    0.0021977661    0.0021977661
              2      -1.1634083    -0.017286404      -1.6094379       -1.6094379      0.89205917      0.89205917
              2     -0.85355364    -0.022503521      -1.6094379       -1.6094379       1.5117686       1.5117686
              1      -1.4542468    -0.010196619      -1.6094379       -1.6094379      0.31038216      0.31038216
              2      -1.6083431  -0.00085643799      -1.6094379       -1.6094379    0.0021896575    0.0021896575
              1      -1.4996517   -0.0085762373      -1.6094379       -1.6094379      0.21957249      0.21957249
              5      -1.1427719    -0.017681777      -1.6094379       -1.6094379      0.93333197      0.93333197
              6     -0.35887544    -0.028945131      -1.6094379       -1.6094379       2.5011249       2.5011249
              1     -0.45899408    -0.027762306      -1.6094379       -1.6094379       2.3008877       2.3008877
              1     0.049003326     0.033332882      -1.6094379       -1.6094379       3.3168825       3.3168825
              1     -0.44088685     0.027979933      -1.6094379       -1.6094379       2.3371021       2.3371021
              3     -0.75778118     0.023886643      -1.6094379       -1.6094379       1.7033135       1.7033135
              1      0.82134695     0.040354882      -1.6094379       -1.6094379       4.8615697       4.8615697
              4      -1.3671856      0.01273963      -1.6094379       -1.6094379      0.48450471      0.48450471
              6      -1.3081297    -0.014207848      -1.6094379       -1.6094379      0.60261637      0.60261637
              2      -1.4835453   -0.0091838122      -1.6094379       -1.6094379      0.25178528      0.25178528
              2       -1.325467     0.013793031      -1.6094379       -1.6094379      0.56794174      0.56794174
              6      -1.5850673    -0.004040694      -1.6094379       -1.6094379     0.048741207     0.048741207
              4       1.0010896     0.041820282      -1.6094379       -1.6094379        5.221055        5.221055
              1      0.91221151      0.04110221      -1.6094379       -1.6094379       5.0432989       5.0432989
              1      -1.6012019    0.0023489919      -1.6094379       -1.6094379      0.01647204      0.01647204
              6      -1.4730483   -0.0095590207      -1.6094379       -1.6094379      0.27277914      0.27277914
              3      -1.5855648   -0.0039992407      -1.6094379       -1.6094379     0.047746267     0.047746267
              2      -1.4718095   -0.0096023364      -1.6094379       -1.6094379      0.27525688      0.27525688
              3       -1.609248   0.00035674046      -1.6094379       -1.6094379   0.00037991731   0.00037991731
              7      -1.5346002     0.007080814      -1.6094379       -1.6094379       0.1496755       0.1496755
              7      -1.6083793   0.00084214627      -1.6094379       -1.6094379    0.0021171879    0.0021171879
              1      -1.0519787     0.019325439      -1.6094379       -1.6094379       1.1149184       1.1149184
              1      -1.1826529    -0.016909369      -1.6094379       -1.6094379         0.85357         0.85357
              7      -1.6090992  -0.00047635365      -1.6094379       -1.6094379   0.00067739711   0.00067739711
              1     -0.97375258     0.020636874      -1.6094379       -1.6094379       1.2713707       1.2713707
             19      -1.5358732   -0.0070203294      -1.6094379       -1.6094379      0.14712935      0.14712935
              2      -1.3923582    -0.012059587      -1.6094379       -1.6094379      0.43415938      0.43415938
              1      -1.2982226    -0.014439538      -1.6094379       -1.6094379      0.62243057      0.62243057
              9      -1.6091167   0.00046389319      -1.6094379       -1.6094379    0.0006424219    0.0006424219
              2      -1.1488399    -0.017566445      -1.6094379       -1.6094379       0.9211961       0.9211961
              2       1.6634285    -0.046825989      -1.6094379       -1.6094379       6.5457328       6.5457328
              3      0.58335509    -0.038328484      -1.6094379       -1.6094379        4.385586        4.385586
              3      -1.2125508    -0.016306334      -1.6094379       -1.6094379      0.79377429      0.79377429
              3      -1.4184871    -0.011310546      -1.6094379       -1.6094379      0.38190162      0.38190162
              5      -1.5407109    0.0067855727      -1.6094379       -1.6094379      0.13745399      0.13745399
              6      -1.3242145    -0.013823418      -1.6094379       -1.6094379      0.57044691      0.57044691
              3      -1.5294769   -0.0073191739      -1.6094379       -1.6094379       0.1599221       0.1599221
              2     -0.51583448     0.027067787      -1.6094379       -1.6094379       2.1872069       2.1872069
              3      -1.5293782   -0.0073236873      -1.6094379       -1.6094379      0.16011939      0.16011939
              5      -1.5569627    0.0059292506      -1.6094379       -1.6094379      0.10495037      0.10495037
              2      -1.5011993   -0.0085155728      -1.6094379       -1.6094379      0.21647716      0.21647716
              1      0.87214128    -0.040774336      -1.6094379       -1.6094379       4.9631584       4.9631584
              1      0.35655073     0.036292203      -1.6094379       -1.6094379       3.9319773       3.9319773
              1        1.034029     0.042083297      -1.6094379       -1.6094379       5.2869337       5.2869337
              1         1.43043    -0.045128425      -1.6094379       -1.6094379       6.0797357       6.0797357
              4       0.4742288    -0.037362588      -1.6094379       -1.6094379       4.1673334       4.1673334
              1       1.4593056    -0.045342255      -1.6094379       -1.6094379        6.137487        6.137487
              1       1.0196986     0.041969074      -1.6094379       -1.6094379        5.258273        5.258273
              3      -1.6090226  -0.00052751361      -1.6094379       -1.6094379   0.00083071429   0.00083071429
              1     -0.59628336     0.026053176      -1.6094379       -1.6094379       2.0263091       2.0263091
              4     -0.54545537    -0.026698698      -1.6094379       -1.6094379       2.1279651       2.1279651
              4     -0.89965972     0.021806409      -1.6094379       -1.6094379       1.4195564       1.4195564
              1      -1.5016085    0.0084994613      -1.6094379       -1.6094379      0.21565878      0.21565878
              1     -0.59366919     0.026086766      -1.6094379       -1.6094379       2.0315374       2.0315374
              2       -1.161453    -0.017324254      -1.6094379       -1.6094379      0.89596987      0.89596987
              2      -1.4892109   -0.0089747792      -1.6094379       -1.6094379      0.24045394      0.24045394
              2       -1.595613   -0.0030433593      -1.6094379       -1.6094379     0.027649725     0.027649725
              1      -1.5533967    0.0061274048      -1.6094379       -1.6094379      0.11208242      0.11208242
              2       -1.503534    0.0084232319      -1.6094379       -1.6094379      0.21180776      0.21180776
              1      -1.3051898     0.014276994      -1.6094379       -1.6094379      0.60849628      0.60849628
              1     -0.95026178    -0.021014718      -1.6094379       -1.6094379       1.3183523       1.3183523
              2      -1.6042809   -0.0018587455      -1.6094379       -1.6094379      0.01031393      0.01031393
              1      -1.3924762     0.012056309      -1.6094379       -1.6094379      0.43392342      0.43392342
              1     -0.96322747     0.020807016      -1.6094379       -1.6094379       1.2924209       1.2924209
              1      -1.6081948    -0.000912612      -1.6094379       -1.6094379    0.0024863181    0.0024863181
              1     -0.73255729     0.024237792      -1.6094379       -1.6094379       1.7537612       1.7537612
              1      0.95970589     0.041487478      -1.6094379       -1.6094379       5.1382876       5.1382876
              4      -1.2180849     0.016192248      -1.6094379       -1.6094379        0.782706        0.782706
              1      -1.1907413    -0.016748371      -1.6094379       -1.6094379      0.83739329      0.83739329
             11      -1.6018586   -0.0022533971      -1.6094379       -1.6094379     0.015158625     0.015158625
              2      -1.4747265    -0.009500031      -1.6094379       -1.6094379      0.26942283      0.26942283
              1      -1.5965107   -0.0029429037      -1.6094379       -1.6094379     0.025854519     0.025854519
              3      0.68251664    -0.039185539      -1.6094379       -1.6094379       4.5839091       4.5839091
              2      -1.2975445      0.01445526      -1.6094379       -1.6094379      0.62378677      0.62378677
              1      -1.5252304   -0.0075110062      -1.6094379       -1.6094379      0.16841493      0.16841493
              2     -0.99097848     0.020355343      -1.6094379       -1.6094379       1.2369189       1.2369189
              2      -1.3205994     0.013910743      -1.6094379       -1.6094379      0.57767693      0.57767693
              1      -1.3132767     0.014085976      -1.6094379       -1.6094379      0.59232251      0.59232251
              2      -1.5191573    0.0077771434      -1.6094379       -1.6094379      0.18056125      0.18056125
              1       1.7762131    -0.047625979      -1.6094379       -1.6094379       6.7713021       6.7713021
              1      0.64121561    -0.038830872      -1.6094379       -1.6094379        4.501307        4.501307
              3      -1.2460595    -0.015602794      -1.6094379       -1.6094379      0.72675676      0.72675676
              2      -1.5662722   -0.0053776484      -1.6094379       -1.6094379     0.086331475     0.086331475
              1      -1.1471619    -0.017598412      -1.6094379       -1.6094379      0.92455194      0.92455194
              2     -0.53529822    -0.026825832      -1.6094379       -1.6094379       2.1482794       2.1482794
              1      -1.6082819  -0.00088003161      -1.6094379       -1.6094379    0.0023119631    0.0023119631
             12      -1.5992286   -0.0026153004      -1.6094379       -1.6094379     0.020418673     0.020418673
              3        -1.58346    -0.004171814      -1.6094379       -1.6094379     0.051955822     0.051955822
              7      -1.6011764    0.0023526198      -1.6094379       -1.6094379      0.01652296      0.01652296
              2      -1.1817114     0.016928011      -1.6094379       -1.6094379      0.85545308      0.85545308
              2       -1.575158   -0.0047922832      -1.6094379       -1.6094379     0.068559762     0.068559762
              1      0.33081067     0.036053839      -1.6094379       -1.6094379       3.8804972       3.8804972
              6      -1.3251357     0.013801075      -1.6094379       -1.6094379      0.56860437      0.56860437
