2.7092203148e+00
3.9033976637e+00
5.0157393247e+00
6.0541585453e+00
7.0247357644e+00
7.9322210571e+00
8.7804257982e+00
9.5725708855e+00
1.0311553761e+01
1.1000142406e+01
1.1641090603e+01
1.2237126940e+01
1.2790887262e+01
1.3304796584e+01
1.3781022797e+01
1.4221474645e+01
1.4627842854e+01
1.5001667540e+01
1.5344385955e+01
1.5657431111e+01
1.5942190716e+01
1.6200038132e+01
1.6432309024e+01
1.6640269120e+01
1.6825104155e+01
1.6987918117e+01
1.7129728560e+01
1.7251503452e+01
1.7354169213e+01
1.7438622323e+01
1.7505735831e+01
1.7556360943e+01
1.7591319130e+01
1.7611400103e+01
1.7617359927e+01
1.7609918164e+01
1.7589769652e+01
1.7557590220e+01
1.7514038713e+01
1.7459759310e+01
1.7395389028e+01
1.7321554802e+01
1.7238867250e+01
1.7147918633e+01
1.7049279549e+01
1.6943500540e+01
1.6831109359e+01
1.6712615018e+01
1.6588506504e+01
1.6459254159e+01
1.6325313903e+01
1.6187120389e+01
1.6045095646e+01
1.5899644807e+01
1.5751153316e+01
1.5599997131e+01
1.5446533660e+01
1.5291106007e+01
1.5134049674e+01
1.4975680869e+01
1.4816305262e+01
1.4656221237e+01
1.4495707508e+01
1.4335029792e+01
1.4174446864e+01
1.4014197985e+01
1.3854505449e+01
1.3695584680e+01
1.3537633814e+01
1.3380830778e+01
1.3225347499e+01
1.3071344708e+01
1.2918965011e+01
1.2768337894e+01
1.2619588590e+01
1.2472829315e+01
1.2328156940e+01
1.2185661330e+01
1.2045428396e+01
1.1907532221e+01
1.1772033949e+01
1.1638989288e+01
1.1508450100e+01
1.1380457864e+01
1.1255043947e+01
1.1132234281e+01
1.1012051550e+01
1.0894509814e+01
1.0779615526e+01
1.0667369381e+01
1.0557768639e+01
1.0450804138e+01
1.0346460614e+01
1.0244718552e+01
1.0145554134e+01
1.0048941598e+01
9.9548423461e+00
9.8632244971e+00
9.7740494389e+00
9.6872753161e+00
9.6028528085e+00
9.5207351496e+00
9.4408689706e+00
9.3632048242e+00
9.2876886833e+00
9.2142591618e+00
9.1428525812e+00
9.0734112154e+00
9.0058772996e+00
8.9401872101e+00
8.8762703160e+00
8.8140613072e+00
8.7534965419e+00
8.6945131002e+00
8.6370471376e+00
8.5810243139e+00
8.5263769591e+00
8.4730422237e+00
8.4209575485e+00
8.3700559387e+00
8.3202689906e+00
8.2715336310e+00
8.2237873427e+00
8.1769728774e+00
8.1310265780e+00
8.0858840701e+00
8.0414837686e+00
7.9977690844e+00
7.9546838876e+00
7.9121696401e+00
7.8701700121e+00
7.8286280301e+00
7.7874935552e+00
7.7467174010e+00
7.7062486601e+00
7.6660370800e+00
7.6260366162e+00
7.5862024438e+00
7.5464935778e+00
7.5068684401e+00
7.4672857528e+00
7.4277102447e+00
7.3881066286e+00
7.3484430147e+00
7.3086882311e+00
7.2688129349e+00
7.2287886790e+00
7.1885932047e+00
7.1482052114e+00
7.1076035411e+00
7.0667706566e+00
7.0256915652e+00
6.9843498002e+00
6.9427366993e+00
6.9008432869e+00
6.8586613475e+00
6.8161851830e+00
6.7734119279e+00
6.7303386359e+00
6.6869661867e+00
6.6432962011e+00
6.5993341142e+00
6.5550857814e+00
6.5105581544e+00
6.4657587440e+00
6.4206948841e+00
6.3753768014e+00
6.3298160993e+00
6.2840234038e+00
6.2380152282e+00
6.1918089082e+00
6.1454240312e+00
6.0988776459e+00
6.0521882605e+00
6.0053808243e+00
5.9584805176e+00
5.9115121026e+00
5.8645009079e+00
5.8174697276e+00
5.7704428926e+00
5.7234488083e+00
5.6765075275e+00
5.6296469310e+00
5.5828870049e+00
5.5362550490e+00
5.4897746602e+00
5.4434691096e+00
5.3973608005e+00
5.3514738889e+00
5.3058315888e+00
5.2604549304e+00
5.2153696359e+00
5.1705931227e+00
5.1261485597e+00
5.0820542044e+00
5.0383304637e+00
4.9949974862e+00
4.9520718120e+00
4.9095711945e+00
4.8675156395e+00
4.8259231483e+00
4.7848092423e+00
4.7441887501e+00
4.7040771065e+00
4.6644902896e+00
4.6254445236e+00
4.5869555987e+00
4.5490350322e+00
4.5116958000e+00
4.4749455762e+00
4.4387934928e+00
4.4032457374e+00
4.3683088971e+00
4.3339865348e+00
4.3002839679e+00
4.2672030790e+00
4.2347483026e+00
4.2029198249e+00
4.1717184675e+00
4.1411442096e+00
4.1111975752e+00
4.0818748071e+00
4.0531748945e+00
4.0250954412e+00
3.9976324502e+00
3.9707828103e+00
3.9445419229e+00
3.9189037484e+00
3.8938598541e+00
3.8694047344e+00
3.8455291990e+00
3.8222261912e+00
3.7994870983e+00
3.7773017963e+00
3.7556593901e+00
3.7345486257e+00
3.7139573505e+00
3.6938745713e+00
3.6742880652e+00
3.6551868801e+00
3.6365570399e+00
3.6183861350e+00
3.6006595709e+00
3.5833648178e+00
3.5664880992e+00
3.5500180725e+00
3.5339385965e+00
3.5182363230e+00
3.5028970901e+00
3.4879070814e+00
3.4732522291e+00
3.4589190853e+00
3.4448929866e+00
3.4311594003e+00
3.4177024620e+00
3.4045086620e+00
3.3915629591e+00
3.3788515710e+00
3.3663609779e+00
3.3540745945e+00
3.3419768818e+00
3.3300535216e+00
3.3182890157e+00
3.3066711564e+00
3.2951846095e+00
3.2838157308e+00
3.2725482954e+00
3.2613699400e+00
3.2502659946e+00
3.2392249749e+00
3.2282330580e+00
3.2172802701e+00
3.2063530293e+00
3.1954408871e+00
3.1845336177e+00
3.1736211440e+00
3.1626931341e+00
3.1517435144e+00
3.1407600385e+00
3.1297366623e+00
3.1186656195e+00
3.1075386889e+00
3.0963521043e+00
3.0851001814e+00
3.0737732780e+00
3.0623666391e+00
3.0508781681e+00
3.0393024454e+00
3.0276329793e+00
3.0158675295e+00
3.0040026624e+00
2.9920349483e+00
2.9799627988e+00
2.9677828128e+00
2.9554939647e+00
2.9430928222e+00
2.9305812639e+00
2.9179583116e+00
2.9052238740e+00
2.8923787157e+00
2.8794226205e+00
2.8663570547e+00
2.8531830868e+00
2.8399050153e+00
2.8265248652e+00
2.8130462057e+00
2.7994713800e+00
2.7858033503e+00
2.7720475524e+00
2.7582087095e+00
2.7442918830e+00
2.7303021285e+00
2.7162451338e+00
2.7021250996e+00
2.6879484200e+00
2.6737216568e+00
2.6594515928e+00
2.6451441875e+00
2.6308063014e+00
2.6164433628e+00
2.6020627105e+00
2.5876706842e+00
2.5732756721e+00
2.5588838652e+00
2.5445025659e+00
2.5301385758e+00
2.5157971258e+00
2.5014866316e+00
2.4872145431e+00
2.4729868725e+00
2.4588101427e+00
2.4446913051e+00
2.4306349073e+00
2.4166491745e+00
2.4027388007e+00
2.3889105717e+00
2.3751700480e+00
2.3615223809e+00
2.3479731546e+00
2.3345265088e+00
2.3211890709e+00
2.3079651970e+00
2.2948601652e+00
2.2818787160e+00
2.2690246157e+00
2.2563018182e+00
2.2437159636e+00
2.2312708903e+00
2.2189704944e+00
2.2068183400e+00
2.1948182369e+00
2.1829730304e+00
2.1712855037e+00
2.1597584952e+00
2.1483945249e+00
2.1371955811e+00
2.1261637163e+00
2.1153002065e+00
2.1046064462e+00
2.0940831116e+00
2.0837308208e+00
2.0735501419e+00
2.0635406354e+00
2.0537031381e+00
2.0440368859e+00
2.0345411605e+00
2.0252154345e+00
2.0160593048e+00
2.0070714211e+00
1.9982512752e+00
1.9895965489e+00
1.9811064087e+00
1.9727786556e+00
1.9646118026e+00
1.9566040402e+00
1.9487539083e+00
1.9410585903e+00
1.9335152698e+00
1.9261216908e+00
1.9188743043e+00
1.9117699809e+00
1.9048061063e+00
1.8979798710e+00
1.8912870188e+00
1.8847244175e+00
1.8782875760e+00
1.8719728891e+00
1.8657769429e+00
1.8596958340e+00
1.8537254457e+00
1.8478618862e+00
1.8421015023e+00
1.8364402626e+00
1.8308742609e+00
1.8254004745e+00
1.8200141991e+00
1.8147119812e+00
1.8094889684e+00
1.8043422705e+00
1.7992676432e+00
1.7942613421e+00
1.7893199686e+00
1.7844386122e+00
1.7796130005e+00
1.7748393788e+00
1.7701132478e+00
1.7654309293e+00
1.7607887972e+00
1.7561823321e+00
1.7516076649e+00
1.7470606317e+00
1.7425381815e+00
1.7380358576e+00
1.7335510901e+00
1.7290793516e+00
1.7246182887e+00
1.7201643723e+00
1.7157149192e+00
1.7112667521e+00
1.7068173583e+00
1.7023638575e+00
1.6979038032e+00
1.6934345273e+00
1.6889539384e+00
1.6844595203e+00
1.6799493815e+00
1.6754211109e+00
1.6708730159e+00
1.6663035054e+00
1.6617107398e+00
1.6570933021e+00
1.6524495875e+00
1.6477781446e+00
1.6430780720e+00
1.6383488085e+00
1.6335891909e+00
1.6287986876e+00
1.6239768673e+00
1.6191228888e+00
1.6142362900e+00
1.6093174923e+00
1.6043660278e+00
1.5993819410e+00
1.5943656098e+00
1.5893162508e+00
1.5842347843e+00
1.5791219535e+00
1.5739777255e+00
1.5688030172e+00
1.5635982802e+00
1.5583643170e+00
1.5531019919e+00
1.5478124945e+00
1.5424976444e+00
1.5371582500e+00
1.5317955675e+00
1.5264112286e+00
1.5210064539e+00
1.5155829962e+00
1.5101430624e+00
1.5046878693e+00
1.4992196498e+00
1.4937399447e+00
1.4882502680e+00
1.4827526874e+00
1.4772493902e+00
1.4717422724e+00
1.4662331834e+00
1.4607237732e+00
1.4552159018e+00
1.4497118546e+00
1.4442138758e+00
1.4387234495e+00
1.4332428930e+00
1.4277738223e+00
1.4223182050e+00
1.4168780906e+00
1.4114552575e+00
1.4060517498e+00
1.4006691799e+00
1.3953093565e+00
1.3899736867e+00
1.3846639951e+00
1.3793821694e+00
1.3741296749e+00
1.3689080587e+00
1.3637189493e+00
1.3585636703e+00
1.3534437083e+00
1.3483605839e+00
1.3433159288e+00
1.3383109196e+00
1.3333471336e+00
1.3284257748e+00
1.3235480128e+00
1.3187150690e+00
1.3139283818e+00
1.3091883064e+00
