4.8802991349e+00
6.9605868235e+00
8.8592963511e+00
1.0596020265e+01
1.2184348329e+01
1.3634839515e+01
1.4956964879e+01
1.6160162734e+01
1.7253791841e+01
1.8246321024e+01
1.9144920400e+01
1.9955578191e+01
2.0683538149e+01
2.1333735033e+01
2.1911077249e+01
2.2420358974e+01
2.2866061079e+01
2.3252231815e+01
2.3582526447e+01
2.3860305790e+01
2.4088730630e+01
2.4270856787e+01
2.4409607085e+01
2.4507755018e+01
2.4567886391e+01
2.4592436790e+01
2.4583742278e+01
2.4544071974e+01
2.4475653806e+01
2.4380665684e+01
2.4261204970e+01
2.4119269906e+01
2.3956761346e+01
2.3775481866e+01
2.3577151731e+01
2.3363409741e+01
2.3135820988e+01
2.2895875449e+01
2.2644995286e+01
2.2384534124e+01
2.2115788969e+01
2.1839997912e+01
2.1558353007e+01
2.1271985347e+01
2.0981983218e+01
2.0689352449e+01
2.0395058582e+01
2.0099978068e+01
1.9804939772e+01
1.9510702819e+01
1.9217953077e+01
1.8927342324e+01
1.8639437885e+01
1.8354772466e+01
1.8073831950e+01
1.7797036582e+01
1.7524790198e+01
1.7257443483e+01
1.6995294708e+01
1.6738624150e+01
1.6487663268e+01
1.6242597787e+01
1.6003596919e+01
1.5770791119e+01
1.5544272029e+01
1.5324112421e+01
1.5110352784e+01
1.4903005368e+01
1.4702056034e+01
1.4507472484e+01
1.4319203419e+01
1.4137173271e+01
1.3961285896e+01
1.3791431434e+01
1.3627492674e+01
1.3469325417e+01
1.3316774273e+01
1.3169675443e+01
1.3027869588e+01
1.2891167813e+01
1.2759376143e+01
1.2632308247e+01
1.2509777544e+01
1.2391573029e+01
1.2277487178e+01
1.2167321211e+01
1.2060878864e+01
1.1957937950e+01
1.1858291988e+01
1.1761743807e+01
1.1668087523e+01
1.1577111535e+01
1.1488609113e+01
1.1402389404e+01
1.1318249101e+01
1.1235982399e+01
1.1155401611e+01
1.1076328113e+01
1.0998574601e+01
1.0921961397e+01
1.0846323822e+01
1.0771503660e+01
1.0697340841e+01
1.0623684833e+01
1.0550399226e+01
1.0477354422e+01
1.0404425591e+01
1.0331494243e+01
1.0258457746e+01
1.0185220451e+01
1.0111688465e+01
1.0037786609e+01
9.9634429550e+00
9.8885985144e+00
9.8131940449e+00
9.7371881609e+00
9.6605446352e+00
9.5832326467e+00
9.5052329265e+00
9.4265328104e+00
9.3471230637e+00
9.2670106875e+00
9.1862093217e+00
9.1047365186e+00
9.0226138294e+00
8.9398666225e+00
8.8565245960e+00
8.7726209504e+00
8.6882069906e+00
8.6033330991e+00
8.5180606507e+00
8.4324418957e+00
8.3465548678e+00
8.2604774893e+00
8.1742890220e+00
8.0880686212e+00
8.0018935930e+00
7.9158435135e+00
7.8299923092e+00
7.7444177634e+00
7.6591949488e+00
7.5744030165e+00
7.4901161946e+00
7.4064014870e+00
7.3233371479e+00
7.2409928152e+00
7.1594320949e+00
7.0787167108e+00
6.9989116031e+00
6.9200775633e+00
6.8422668835e+00
6.7655373907e+00
6.6899461905e+00
6.6155371879e+00
6.5423580419e+00
6.4704632243e+00
6.3998982617e+00
6.3307030765e+00
6.2629140598e+00
6.1965563925e+00
6.1316501714e+00
6.0682160127e+00
6.0062652782e+00
5.9458086762e+00
5.8868533983e+00
5.8294042413e+00
5.7734618656e+00
5.7190226977e+00
5.6660819100e+00
5.6146321636e+00
5.5646633310e+00
5.5161615252e+00
5.4691104335e+00
5.4234877768e+00
5.3792714491e+00
5.3364349002e+00
5.2949509434e+00
5.2547904149e+00
5.2159169736e+00
5.1782936557e+00
5.1418823297e+00
5.1066488549e+00
5.0725509247e+00
5.0395466092e+00
5.0075914061e+00
4.9766437842e+00
4.9466639445e+00
4.9176052121e+00
4.8894243345e+00
4.8620697707e+00
4.8355062751e+00
4.8096880399e+00
4.7845675416e+00
4.7600937931e+00
4.7362257946e+00
4.7129173721e+00
4.6901238138e+00
4.6677972327e+00
4.6458847194e+00
4.6243449286e+00
4.6031330282e+00
4.5822008816e+00
4.5615094026e+00
4.5410131848e+00
4.5206703471e+00
4.5004431852e+00
4.4802947056e+00
4.4601896547e+00
4.4400945488e+00
4.4199771766e+00
4.3998096297e+00
4.3795651974e+00
4.3592198809e+00
4.3387505546e+00
4.3181355718e+00
4.2973574158e+00
4.2763983774e+00
4.2552433176e+00
4.2338770121e+00
4.2122877395e+00
4.1904651512e+00
4.1684000953e+00
4.1460836491e+00
4.1235092297e+00
4.1006724494e+00
4.0775721027e+00
4.0542073562e+00
4.0305795681e+00
4.0066904792e+00
3.9825448343e+00
3.9581521550e+00
3.9335209904e+00
3.9086611604e+00
3.8835836676e+00
3.8583012041e+00
3.8328324559e+00
3.8071922172e+00
3.7813962147e+00
3.7554604107e+00
3.7294071951e+00
3.7032557224e+00
3.6770269677e+00
3.6507397010e+00
3.6244150451e+00
3.5980765534e+00
3.5717460178e+00
3.5454459252e+00
3.5191963053e+00
3.4930192273e+00
3.4669368488e+00
3.4409710849e+00
3.4151408651e+00
3.3894655028e+00
3.3639656293e+00
3.3386590673e+00
3.3135650708e+00
3.2887000717e+00
3.2640796289e+00
3.2397216058e+00
3.2156419425e+00
3.1918547819e+00
3.1683738619e+00
3.1452122264e+00
3.1223839494e+00
3.0999017715e+00
3.0777768321e+00
3.0560195211e+00
3.0346389465e+00
3.0136424869e+00
2.9930398957e+00
2.9728358164e+00
2.9530373051e+00
2.9336458595e+00
2.9146641071e+00
2.8960939092e+00
2.8779341250e+00
2.8601856239e+00
2.8428467143e+00
2.8259147858e+00
2.8093857806e+00
2.7932573661e+00
2.7775243539e+00
2.7621819867e+00
2.7472253598e+00
2.7326478842e+00
2.7184452554e+00
2.7046081699e+00
2.6911274705e+00
2.6779950279e+00
2.6651998561e+00
2.6527346242e+00
2.6405867095e+00
2.6287428084e+00
2.6171918138e+00
2.6059218394e+00
2.5949205506e+00
2.5841759593e+00
2.5736751694e+00
2.5634061590e+00
2.5533582661e+00
2.5435183176e+00
2.5338740467e+00
2.5244132861e+00
2.5151244268e+00
2.5059954941e+00
2.4970136798e+00
2.4881647740e+00
2.4794361911e+00
2.4708152393e+00
2.4622898274e+00
2.4538466579e+00
2.4454734523e+00
2.4371587881e+00
2.4288907606e+00
2.4206587737e+00
2.4124526998e+00
2.4042628414e+00
2.3960800112e+00
2.3878946357e+00
2.3796992996e+00
2.3714859454e+00
2.3632464760e+00
2.3549744862e+00
2.3466623157e+00
2.3383050731e+00
2.3298964294e+00
2.3214313362e+00
2.3129051235e+00
2.3043136458e+00
2.2956542718e+00
2.2869244052e+00
2.2781214890e+00
2.2692436880e+00
2.2602899817e+00
2.2512599736e+00
2.2421526049e+00
2.2329690518e+00
2.2237085062e+00
2.2143729843e+00
2.2049637355e+00
2.1954821266e+00
2.1859306618e+00
2.1763112299e+00
2.1666285080e+00
2.1568853822e+00
2.1470862135e+00
2.1372351864e+00
2.1273361197e+00
2.1173958869e+00
2.1074192544e+00
2.0974116186e+00
2.0873781861e+00
2.0773252732e+00
2.0672587042e+00
2.0571853183e+00
2.0471103101e+00
2.0370403281e+00
2.0269812158e+00
2.0169400474e+00
2.0069222829e+00
1.9969339856e+00
1.9869808671e+00
1.9770688252e+00
1.9672037096e+00
1.9573910502e+00
1.9476359727e+00
1.9379432943e+00
1.9283184425e+00
1.9187667578e+00
1.9092924592e+00
1.8999003655e+00
1.8905955046e+00
1.8813824336e+00
1.8722657858e+00
1.8632507390e+00
1.8543391133e+00
1.8455356270e+00
1.8368442751e+00
1.8282673088e+00
1.8198084675e+00
1.8114693771e+00
1.8032519030e+00
1.7951572305e+00
1.7871868926e+00
1.7793405775e+00
1.7716199912e+00
1.7640249991e+00
1.7565555723e+00
1.7492116586e+00
1.7419929403e+00
1.7348993686e+00
1.7279297127e+00
1.7210836380e+00
1.7143601286e+00
1.7077581826e+00
1.7012759271e+00
1.6949112485e+00
1.6886625294e+00
1.6825273948e+00
1.6765037515e+00
1.6705884042e+00
1.6647785913e+00
1.6590710423e+00
1.6534628709e+00
1.6479516416e+00
1.6425334961e+00
1.6372050011e+00
1.6319636040e+00
1.6268061359e+00
1.6217285680e+00
1.6167273374e+00
1.6117993136e+00
1.6069406075e+00
1.6021479656e+00
1.5974170741e+00
1.5927437940e+00
1.5881245635e+00
1.5835554286e+00
1.5790325266e+00
1.5745518806e+00
1.5701100759e+00
1.5657030145e+00
1.5613274928e+00
1.5569799784e+00
1.5526574416e+00
1.5483565970e+00
1.5440741886e+00
1.5398078521e+00
1.5355540753e+00
1.5313104857e+00
1.5270739884e+00
1.5228422696e+00
1.5186126091e+00
1.5143832020e+00
1.5101514850e+00
1.5059154853e+00
1.5016733269e+00
1.4974233159e+00
1.4931643186e+00
1.4888947687e+00
1.4846140492e+00
1.4803204191e+00
1.4760133869e+00
1.4716923562e+00
1.4673564632e+00
1.4630051297e+00
1.4586382960e+00
1.4542552572e+00
1.4498558681e+00
1.4454400377e+00
1.4410075100e+00
1.4365586302e+00
1.4320935071e+00
1.4276129078e+00
1.4231173939e+00
1.4186075033e+00
1.4140842988e+00
1.4095493396e+00
1.4050037555e+00
1.4004486672e+00
1.3958855682e+00
1.3913161988e+00
1.3867421792e+00
1.3821651651e+00
1.3775867833e+00
1.3730084364e+00
1.3684317876e+00
1.3638591270e+00
1.3592913542e+00
1.3547304816e+00
1.3501776814e+00
1.3456350873e+00
1.3411040127e+00
1.3365862750e+00
1.3320831436e+00
1.3275963408e+00
1.3231274259e+00
1.3186778505e+00
1.3142496809e+00
1.3098440545e+00
1.3054628525e+00
1.3011077751e+00
1.2967797973e+00
1.2924809686e+00
1.2882125616e+00
1.2839759255e+00
1.2797723288e+00
1.2756031671e+00
1.2714691612e+00
1.2673713829e+00
1.2633110426e+00
1.2592888486e+00
1.2553055972e+00
1.2513621247e+00
1.2474589724e+00
1.2435965062e+00
1.2397753060e+00
1.2359953959e+00
