6.7493185950e-05
1.1636964967e-04
1.7093345081e-04
2.2866377325e-04
2.8757141492e-04
3.4609286161e-04
4.0301867029e-04
4.5744424884e-04
5.0871567010e-04
5.5636492964e-04
6.0006326435e-04
6.3958568951e-04
6.7479938348e-04
7.0565542868e-04
7.3218011751e-04
7.5446169779e-04
7.7263335850e-04
7.8685985113e-04
7.9733063963e-04
8.0425557853e-04
8.0786106235e-04
8.0838717486e-04
8.0608296719e-04
8.0120081494e-04
7.9399184502e-04
7.8470411441e-04
7.7358058304e-04
7.6085836384e-04
7.4676657109e-04
7.3152399123e-04
7.1533797727e-04
6.9840209038e-04
6.8089544537e-04
6.6298312390e-04
6.4481459498e-04
6.2652580771e-04
6.0823776706e-04
5.9005834140e-04
5.7208173923e-04
5.5438963789e-04
5.3705184479e-04
5.2012734970e-04
5.0366461653e-04
4.8770306483e-04
4.7227284399e-04
4.5739656105e-04
4.4308920105e-04
4.2935926570e-04
4.1620968530e-04
4.0363800345e-04
3.9163737972e-04
3.8019784313e-04
3.6930511806e-04
3.5894341341e-04
3.4909460501e-04
3.3973816682e-04
3.3085386539e-04
3.2241915026e-04
3.1441125495e-04
3.0680776381e-04
2.9958477282e-04
2.9271957735e-04
2.8618927278e-04
2.7997114973e-04
2.7404372941e-04
2.6838505005e-04
2.6297451610e-04
2.5779223788e-04
2.5281864788e-04
2.4803585336e-04
2.4342631861e-04
2.3897355457e-04
2.3466224297e-04
2.3047767281e-04
2.2640654407e-04
2.2243631993e-04
2.1855541898e-04
2.1475342075e-04
2.1102101240e-04
2.0734957434e-04
2.0373151302e-04
2.0016033292e-04
1.9663039311e-04
1.9313708456e-04
1.8967666138e-04
1.8624594519e-04
1.8284223024e-04
1.7946296057e-04
1.7610695125e-04
1.7277396632e-04
1.6946418284e-04
1.6617941695e-04
1.6292173527e-04
1.5969340918e-04
1.5649670736e-04
1.5333366428e-04
1.5020691422e-04
1.4711910288e-04
1.4407266029e-04
1.4107032203e-04
1.3811458193e-04
1.3520793699e-04
1.3235270360e-04
1.2955099747e-04
1.2680539347e-04
1.2411819174e-04
1.2149182343e-04
1.1892902655e-04
1.1643206599e-04
1.1400250021e-04
1.1164132897e-04
1.0934927410e-04
1.0712677771e-04
1.0497409865e-04
1.0289118331e-04
1.0087781949e-04
9.8933571606e-05
9.7057833185e-05
9.5249786012e-05
9.3508115353e-05
9.1831371763e-05
9.0218094003e-05
8.8666260580e-05
8.7173658015e-05
8.5738161937e-05
8.4357379558e-05
8.3028724829e-05
8.1749771210e-05
8.0518132205e-05
7.9331193133e-05
7.8186547623e-05
7.7081775221e-05
7.6014297213e-05
7.4981628647e-05
7.3981426635e-05
7.3011028073e-05
7.2067742012e-05
7.1149104801e-05
7.0252562065e-05
6.9375551533e-05
6.8515715337e-05
6.7670905717e-05
6.6839101863e-05
6.6018430926e-05
6.5207283779e-05
6.4404254563e-05
6.3608073070e-05
6.2817599415e-05
6.2031858487e-05
6.1249981888e-05
6.0471170149e-05
5.9694779281e-05
5.8920278190e-05
5.8147159485e-05
5.7375089394e-05
5.6603967414e-05
5.5833717407e-05
5.5064349712e-05
5.4296135071e-05
5.3529361501e-05
5.2764331756e-05
5.2001589668e-05
5.1241730108e-05
5.0485326378e-05
4.9733081191e-05
4.8985806292e-05
4.8244242832e-05
4.7509161154e-05
4.6781455449e-05
4.6061948654e-05
4.5351410873e-05
4.4650662667e-05
4.3960461103e-05
4.3281463086e-05
4.2614331253e-05
4.1959668541e-05
4.1317998937e-05
4.0689845793e-05
4.0075705526e-05
3.9475998429e-05
3.8891124775e-05
3.8321534018e-05
3.7767580936e-05
3.7229554612e-05
3.6707675714e-05
3.6202121300e-05
3.5713014769e-05
3.5240326963e-05
3.4783968761e-05
3.4343795921e-05
3.3919662953e-05
3.3511334114e-05
3.3118558133e-05
3.2741036062e-05
3.2378444391e-05
3.2030439411e-05
3.1696649455e-05
3.1376550803e-05
3.1069586762e-05
3.0775246321e-05
3.0492902810e-05
3.0221884383e-05
2.9961577520e-05
2.9711332633e-05
2.9470497283e-05
2.9238460899e-05
2.9014605761e-05
2.8798275263e-05
2.8588841201e-05
2.8385680270e-05
2.8188097610e-05
2.7995407298e-05
2.7806959348e-05
2.7622090356e-05
2.7440149174e-05
2.7260528718e-05
2.7082653895e-05
2.6905988331e-05
2.6730022601e-05
2.6554283481e-05
2.6378326424e-05
2.6201734557e-05
2.6024119519e-05
2.5845139907e-05
2.5664486141e-05
2.5481882491e-05
2.5297113011e-05
2.5110005235e-05
2.4920404282e-05
2.4728204912e-05
2.4533354746e-05
2.4335810723e-05
2.4135563383e-05
2.3932654185e-05
2.3727139862e-05
2.3519116158e-05
2.3308742342e-05
2.3096197248e-05
2.2881664511e-05
2.2665400333e-05
2.2447675559e-05
2.2228757859e-05
2.2008929448e-05
2.1788497661e-05
2.1567763756e-05
2.1347026407e-05
2.1126602903e-05
2.0906791402e-05
2.0687884813e-05
2.0470184745e-05
2.0253980815e-05
2.0039540275e-05
1.9827138255e-05
1.9617047636e-05
1.9409516967e-05
1.9204797613e-05
1.9003133798e-05
1.8804750396e-05
1.8609860909e-05
1.8418658960e-05
1.8231318828e-05
1.8047992978e-05
1.7868791751e-05
1.7693810491e-05
1.7523130804e-05
1.7356805126e-05
1.7194868678e-05
1.7037348558e-05
1.6884254444e-05
1.6735588125e-05
1.6591337617e-05
1.6451480309e-05
1.6315952399e-05
1.6184690442e-05
1.6057623131e-05
1.5934641193e-05
1.5815634749e-05
1.5700491382e-05
1.5589084329e-05
1.5481279875e-05
1.5376952635e-05
1.5275960022e-05
1.5178148527e-05
1.5083369909e-05
1.4991465407e-05
1.4902259569e-05
1.4815571074e-05
1.4731223219e-05
1.4649035285e-05
1.4568824720e-05
1.4490423221e-05
1.4413658806e-05
1.4338364624e-05
1.4264384243e-05
1.4191564613e-05
1.4119756456e-05
1.4048816647e-05
1.3978606106e-05
1.3908993486e-05
1.3839855040e-05
1.3771069470e-05
1.3702532338e-05
1.3634146270e-05
1.3565819498e-05
1.3497471127e-05
1.3429026396e-05
1.3360411237e-05
1.3291563622e-05
1.3222430578e-05
1.3152962886e-05
1.3083118853e-05
1.3012876449e-05
1.2942218336e-05
1.2871132148e-05
1.2799630137e-05
1.2727731060e-05
1.2655455008e-05
1.2582833874e-05
1.2509904223e-05
1.2436705092e-05
1.2363277409e-05
1.2289665303e-05
1.2215914112e-05
1.2142068327e-05
1.2068182115e-05
1.1994305664e-05
1.1920490953e-05
1.1846797374e-05
1.1773284864e-05
1.1700013470e-05
1.1627046480e-05
1.1554447564e-05
1.1482278321e-05
1.1410599734e-05
1.1339472014e-05
1.1268951151e-05
1.1199091487e-05
1.1129936655e-05
1.1061531596e-05
1.0993916445e-05
1.0927124154e-05
1.0861186037e-05
1.0796130175e-05
1.0731982738e-05
1.0668763044e-05
1.0606491237e-05
1.0545181619e-05
1.0484842097e-05
1.0425484257e-05
1.0367112589e-05
1.0309724878e-05
1.0253317576e-05
1.0197887165e-05
1.0143422016e-05
1.0089910245e-05
1.0037337363e-05
9.9856848096e-06
9.9349296634e-06
9.8850514603e-06
9.8360226475e-06
9.7878112365e-06
9.7403856896e-06
9.6937141543e-06
9.6477618334e-06
9.6024943328e-06
9.5578777589e-06
9.5138776175e-06
9.4704612058e-06
9.4275969213e-06
9.3852516944e-06
9.3433938947e-06
9.3019934176e-06
9.2610195459e-06
9.2204415365e-06
9.1802305846e-06
9.1403551502e-06
9.1007903763e-06
9.0615116920e-06
9.0224937355e-06
8.9837167774e-06
8.9451598620e-06
8.9068033693e-06
8.8686293653e-06
8.8306221951e-06
8.7927645171e-06
8.7550453288e-06
8.7174551657e-06
8.6799853094e-06
8.6426298830e-06
8.6053886627e-06
8.5682626292e-06
8.5312520709e-06
8.4943624946e-06
8.4575995641e-06
8.4209688502e-06
8.3844756521e-06
8.3481253753e-06
8.3119238792e-06
8.2758776343e-06
8.2399953255e-06
8.2042839805e-06
8.1687524299e-06
8.1334122086e-06
8.0982753105e-06
8.0633543176e-06
8.0286623665e-06
7.9942133461e-06
7.9600216210e-06
7.9261009196e-06
7.8924637254e-06
7.8591224164e-06
7.8260888707e-06
7.7933729713e-06
7.7609847640e-06
7.7289318917e-06
7.6972203967e-06
7.6658563808e-06
7.6348447269e-06
7.6041884567e-06
7.5738896467e-06
7.5439506846e-06
7.5143721554e-06
7.4851550155e-06
7.4562995874e-06
7.4278059666e-06
7.3996730336e-06
7.3718995103e-06
7.3444840346e-06
7.3174214692e-06
7.2907076455e-06
7.2643369541e-06
7.2383016591e-06
7.2125927331e-06
7.1872021543e-06
7.1621189298e-06
7.1373315407e-06
7.1128287986e-06
7.0885990306e-06
7.0646303121e-06
7.0409104725e-06
7.0174284486e-06
6.9941715885e-06
6.9711288575e-06
6.9482892815e-06
6.9256412495e-06
6.9031735774e-06
6.8808758805e-06
6.8587364322e-06
6.8367438494e-06
6.8148871289e-06
6.7931553189e-06
6.7715383263e-06
6.7500261058e-06
6.7286096340e-06
6.7072799678e-06
6.6860284278e-06
6.6648472843e-06
6.6437301471e-06
6.6226705801e-06
6.6016624599e-06
6.5807013443e-06
6.5597839219e-06
6.5389069478e-06
6.5180683896e-06
6.4972675823e-06
6.4765037774e-06
6.4557770310e-06
6.4350892537e-06
6.4144410857e-06
6.3938343900e-06
6.3732704469e-06
6.3527516216e-06
6.3322794722e-06
6.3118567410e-06
6.2914860123e-06
6.2711703213e-06
6.2509134653e-06
6.2307202922e-06
6.2105962349e-06
6.1905461071e-06
6.1705764766e-06
6.1506937291e-06
6.1309034362e-06
6.1112125578e-06
6.0916272430e-06
6.0721535449e-06
6.0527973865e-06
6.0335647239e-06
6.0144606608e-06
5.9954902839e-06
5.9766584050e-06
5.9579691739e-06
5.9394265453e-06
5.9210340244e-06
5.9027946523e-06
5.8847112279e-06
5.8667868663e-06
5.8490241017e-06
