1.8696575149e-05
3.1026287657e-05
4.4846292591e-05
5.9746898092e-05
7.5382764880e-05
9.1462113150e-05
1.0773733308e-04
1.2399901285e-04
1.4007160788e-04
1.5580964068e-04
1.7109473089e-04
1.8583243675e-04
1.9994835965e-04
2.1338393436e-04
2.2609306279e-04
2.3804059421e-04
2.4919996190e-04
2.5955248078e-04
2.6908695379e-04
2.7779993052e-04
2.8569435331e-04
2.9277879199e-04
2.9906648232e-04
3.0457451843e-04
3.0932301789e-04
3.1333426390e-04
3.1663229523e-04
3.1924313877e-04
3.2119433599e-04
3.2251491646e-04
3.2323513407e-04
3.2338603573e-04
3.2299930130e-04
3.2210694683e-04
3.2074096738e-04
3.1893310504e-04
3.1671493506e-04
3.1411767877e-04
3.1117213709e-04
3.0790854419e-04
3.0435664980e-04
3.0054540488e-04
2.9650293594e-04
2.9225623192e-04
2.8783138802e-04
2.8325310944e-04
2.7854510429e-04
2.7372965200e-04
2.6882791108e-04
2.6385985262e-04
2.5884402788e-04
2.5379804840e-04
2.4873806862e-04
2.4367913676e-04
2.3863524956e-04
2.3361900734e-04
2.2864216133e-04
2.2371538696e-04
2.1884814214e-04
2.1404916681e-04
2.0932621773e-04
2.0468599183e-04
2.0013453860e-04
1.9567706681e-04
1.9131787855e-04
1.8706066847e-04
1.8290849151e-04
1.7886366884e-04
1.7492790772e-04
1.7110244674e-04
1.6738800739e-04
1.6378480176e-04
1.6029263734e-04
1.5691094893e-04
1.5363886823e-04
1.5047518752e-04
1.4741837146e-04
1.4446669215e-04
1.4161829274e-04
1.3887108607e-04
1.3622269890e-04
1.3367070379e-04
1.3121266963e-04
1.2884601781e-04
1.2656791983e-04
1.2437557657e-04
1.2226627286e-04
1.2023721210e-04
1.1828538992e-04
1.1640787966e-04
1.1460188393e-04
1.1286457000e-04
1.1119292405e-04
1.0958404653e-04
1.0803518213e-04
1.0654360263e-04
1.0510639403e-04
1.0372084268e-04
1.0238436091e-04
1.0109438152e-04
9.9848201997e-05
9.8643283679e-05
9.7477207411e-05
9.6347642361e-05
9.5252190649e-05
9.4188539558e-05
9.3154508641e-05
9.2148021464e-05
9.1166990110e-05
9.0209407363e-05
8.9273348249e-05
8.8356993983e-05
8.7458557917e-05
8.6576362594e-05
8.5708832639e-05
8.4854400836e-05
8.4011590495e-05
8.3179045163e-05
8.2355499586e-05
8.1539739350e-05
8.0730611085e-05
7.9927069695e-05
7.9128145455e-05
7.8332977694e-05
7.7540746868e-05
7.6750690021e-05
7.5962117284e-05
7.5174457548e-05
7.4387253143e-05
7.3600077697e-05
7.2812554325e-05
7.2024339125e-05
7.1235163353e-05
7.0444794365e-05
6.9653019628e-05
6.8859719870e-05
6.8064923905e-05
6.7268687086e-05
6.6471095039e-05
6.5672335615e-05
6.4872757808e-05
6.4072739963e-05
6.3272641628e-05
6.2472852718e-05
6.1673795861e-05
6.0875882181e-05
6.0079502982e-05
5.9285104171e-05
5.8493183049e-05
5.7704209097e-05
5.6918635604e-05
5.6136938024e-05
5.5359615062e-05
5.4587166349e-05
5.3820049499e-05
5.3058718130e-05
5.2303644260e-05
5.1555273130e-05
5.0814008651e-05
5.0080283690e-05
4.9354567154e-05
4.8637301938e-05
4.7928887110e-05
4.7229746356e-05
4.6540349712e-05
4.5861119666e-05
4.5192438983e-05
4.4534634972e-05
4.3887969303e-05
4.3252686373e-05
4.2628996769e-05
4.2017085460e-05
4.1417102025e-05
4.0829180409e-05
4.0253450680e-05
3.9690016594e-05
3.9138955438e-05
3.8600322545e-05
3.8074141805e-05
3.7560424256e-05
3.7059178693e-05
3.6570368664e-05
3.6093945397e-05
3.5629788563e-05
3.5177795613e-05
3.4737846970e-05
3.4309817589e-05
3.3893536170e-05
3.3488787173e-05
3.3095354744e-05
3.2713022422e-05
3.2341594628e-05
3.1980821650e-05
3.1630440063e-05
3.1290180289e-05
3.0959791604e-05
3.0639033050e-05
3.0327634917e-05
3.0025309840e-05
2.9731789973e-05
2.9446815233e-05
2.9170130256e-05
2.8901457109e-05
2.8640495131e-05
2.8386959316e-05
2.8140580859e-05
2.7901102995e-05
2.7668232252e-05
2.7441651837e-05
2.7221044421e-05
2.7006113742e-05
2.6796569798e-05
2.6592112498e-05
2.6392419466e-05
2.6197188516e-05
2.6006123372e-05
2.5818949967e-05
2.5635392866e-05
2.5455188491e-05
2.5278083908e-05
2.5103840303e-05
2.4932219009e-05
2.4763006512e-05
2.4596002272e-05
2.4431011376e-05
2.4267850747e-05
2.4106342206e-05
2.3946313723e-05
2.3787596497e-05
2.3630037724e-05
2.3473482116e-05
2.3317787652e-05
2.3162817436e-05
2.3008439545e-05
2.2854526581e-05
2.2700956505e-05
2.2547611538e-05
2.2394393831e-05
2.2241218141e-05
2.2088007540e-05
2.1934681582e-05
2.1781169164e-05
2.1627416716e-05
2.1473397199e-05
2.1319083109e-05
2.1164455095e-05
2.1009484528e-05
2.0854172376e-05
2.0698537337e-05
2.0542599309e-05
2.0386377151e-05
2.0229891864e-05
2.0073180694e-05
1.9916297466e-05
1.9759290975e-05
1.9602213295e-05
1.9445111446e-05
1.9288051823e-05
1.9131114484e-05
1.8974368630e-05
1.8817881878e-05
1.8661721406e-05
1.8505960246e-05
1.8350685093e-05
1.8195970803e-05
1.8041891188e-05
1.7888510080e-05
1.7735903691e-05
1.7584145122e-05
1.7433309478e-05
1.7283461686e-05
1.7134670719e-05
1.6987003156e-05
1.6840535342e-05
1.6695338759e-05
1.6551479829e-05
1.6409019963e-05
1.6268034930e-05
1.6128590724e-05
1.5990760560e-05
1.5854608562e-05
1.5720192691e-05
1.5587574982e-05
1.5456808913e-05
1.5327935577e-05
1.5201001287e-05
1.5076052612e-05
1.4953117067e-05
1.4832210438e-05
1.4713353713e-05
1.4596562962e-05
1.4481851418e-05
1.4369228094e-05
1.4258692835e-05
1.4150248227e-05
1.4043890991e-05
1.3939625697e-05
1.3837444442e-05
1.3737335799e-05
1.3639289183e-05
1.3543291737e-05
1.3449331969e-05
1.3357382499e-05
1.3267411683e-05
1.3179384563e-05
1.3093269735e-05
1.3009033453e-05
1.2926630481e-05
1.2846012177e-05
1.2767130323e-05
1.2689939032e-05
1.2614393595e-05
1.2540445992e-05
1.2468043595e-05
1.2397139315e-05
1.2327688177e-05
1.2259646631e-05
1.2192963298e-05
1.2127585024e-05
1.2063458372e-05
1.2000535087e-05
1.1938766254e-05
1.1878096999e-05
1.1818464180e-05
1.1759808835e-05
1.1702073594e-05
1.1645200397e-05
1.1589133153e-05
1.1533813313e-05
1.1479182397e-05
1.1425185056e-05
1.1371768892e-05
1.1318880371e-05
1.1266474080e-05
1.1214501070e-05
1.1162917589e-05
1.1111679836e-05
1.1060745074e-05
1.1010072945e-05
1.0959622596e-05
1.0909358687e-05
1.0859244214e-05
1.0809246995e-05
1.0759336539e-05
1.0709482300e-05
1.0659655419e-05
1.0609831411e-05
1.0559988816e-05
1.0510109814e-05
1.0460177111e-05
1.0410174759e-05
1.0360086753e-05
1.0309901718e-05
1.0259611146e-05
1.0209206755e-05
1.0158680147e-05
1.0108024187e-05
1.0057235709e-05
1.0006314480e-05
9.9552595929e-06
9.9040704046e-06
9.8527474123e-06
9.8012973830e-06
9.7497326420e-06
9.6980630984e-06
9.6462985831e-06
9.5944498792e-06
9.5425345634e-06
9.4905717536e-06
9.4385811776e-06
9.3865794642e-06
9.3345853274e-06
9.2826196705e-06
9.2307058351e-06
9.1788658865e-06
9.1271215339e-06
9.0754923045e-06
9.0240005267e-06
8.9726700106e-06
8.9215218634e-06
8.8705768058e-06
8.8198556935e-06
8.7693810648e-06
8.7191738352e-06
8.6692553608e-06
8.6196442191e-06
8.5703595633e-06
8.5214226972e-06
8.4728544895e-06
8.4246744620e-06
8.3769013759e-06
8.3295536650e-06
8.2826509982e-06
8.2362132779e-06
8.1902604112e-06
8.1448091622e-06
8.0998768457e-06
8.0554781857e-06
8.0116294066e-06
7.9683441661e-06
7.9256358585e-06
7.8835169718e-06
7.8419942489e-06
7.8010733248e-06
7.7607599108e-06
7.7210583260e-06
7.6819730092e-06
7.6435056858e-06
7.6056557957e-06
7.5684232569e-06
7.5318073806e-06
7.4958082642e-06
7.4604226643e-06
7.4256487683e-06
7.3914823974e-06
7.3579217221e-06
7.3249628358e-06
7.2925989713e-06
7.2608214819e-06
7.2296225663e-06
7.1989941137e-06
7.1689279080e-06
7.1394116270e-06
7.1104324102e-06
7.0819772228e-06
7.0540339994e-06
7.0265899705e-06
6.9996311161e-06
6.9731430604e-06
6.9471115138e-06
6.9215229857e-06
6.8963635866e-06
6.8716170553e-06
6.8472671556e-06
6.8232984353e-06
6.7996952105e-06
6.7764421881e-06
6.7535210166e-06
6.7309122336e-06
6.7085972885e-06
6.6865590469e-06
6.6647795935e-06
6.6432403508e-06
6.6219230569e-06
6.6008087499e-06
6.5798807225e-06
6.5591225542e-06
6.5385174949e-06
6.5180502215e-06
6.4977053669e-06
6.4774683472e-06
6.4573250229e-06
6.4372618418e-06
6.4172662410e-06
6.3973250196e-06
6.3774258130e-06
6.3575570240e-06
6.3377070833e-06
6.3178653352e-06
6.2980219240e-06
6.2781663444e-06
6.2582897296e-06
6.2383841524e-06
6.2184423124e-06
6.1984577235e-06
6.1784242760e-06
6.1583360807e-06
6.1381885623e-06
6.1179774682e-06
6.0976989511e-06
6.0773497736e-06
6.0569270971e-06
6.0364285922e-06
6.0158531720e-06
5.9951992081e-06
5.9744655488e-06
5.9536517602e-06
5.9327593652e-06
5.9117907362e-06
5.8907478663e-06
5.8696329690e-06
5.8484485670e-06
5.8272002413e-06
5.8058942246e-06
5.7845362569e-06
5.7631320625e-06
5.7416877584e-06
5.7202106723e-06
5.6987085196e-06
5.6771888801e-06
5.6556592693e-06
5.6341268288e-06
5.6125996975e-06
5.5910856675e-06
5.5695923043e-06
5.5481270277e-06
5.5266975242e-06
5.5053112640e-06
