1.2650914009e+01
1.7636748718e+01
2.1950726604e+01
2.5668901669e+01
2.8863196174e+01
3.1598024862e+01
3.3921900488e+01
3.5874524457e+01
3.7493965241e+01
3.8815321404e+01
3.9868078912e+01
4.0677932601e+01
4.1268578936e+01
4.1661623319e+01
4.1876472527e+01
4.1931094890e+01
4.1842849942e+01
4.1628216757e+01
4.1302405597e+01
4.0879432720e+01
4.0372264583e+01
3.9792965472e+01
3.9152732333e+01
3.8462069646e+01
3.7730882558e+01
3.6968430261e+01
3.6183225274e+01
3.5382992525e+01
3.4574648434e+01
3.3764314762e+01
3.2957427411e+01
3.2158766822e+01
3.1372512108e+01
3.0602351643e+01
2.9851379219e+01
2.9122206812e+01
2.8416945097e+01
2.7737264781e+01
2.7084428988e+01
2.6459279309e+01
2.5862322807e+01
2.5293742298e+01
2.4753427252e+01
2.4241008194e+01
2.3755879751e+01
2.3297248662e+01
2.2864183189e+01
2.2455582681e+01
2.2070302147e+01
2.1707050442e+01
2.1364513452e+01
2.1041292586e+01
2.0735937105e+01
2.0447005439e+01
2.0172958747e+01
1.9912328385e+01
1.9663582897e+01
1.9425277910e+01
1.9195995431e+01
1.8974339643e+01
1.8759011798e+01
1.8548734819e+01
1.8342357113e+01
1.8138775101e+01
1.7936983696e+01
1.7736072823e+01
1.7535207447e+01
1.7333665525e+01
1.7130815974e+01
1.6926115255e+01
1.6719119381e+01
1.6509489233e+01
1.6296989806e+01
1.6081467229e+01
1.5862856458e+01
1.5641207045e+01
1.5416638788e+01
1.5189310596e+01
1.4959452878e+01
1.4727370892e+01
1.4493451109e+01
1.4258121082e+01
1.4021934925e+01
1.3785447190e+01
1.3549225082e+01
1.3313810887e+01
1.3079742102e+01
1.2847570054e+01
1.2617805759e+01
1.2390955557e+01
1.2167494306e+01
1.1947875359e+01
1.1732522652e+01
1.1521825092e+01
1.1316168835e+01
1.1115881836e+01
1.0921320962e+01
1.0732791190e+01
1.0550524363e+01
1.0374681731e+01
1.0205372507e+01
1.0042675608e+01
9.8866176139e+00
9.7371985244e+00
9.5943797728e+00
9.4580907404e+00
9.3282386147e+00
9.2046716063e+00
9.0872135784e+00
8.9756754365e+00
8.8698137078e+00
8.7693593366e+00
8.6740547305e+00
8.5835987657e+00
8.4976868766e+00
8.4160258842e+00
8.3382939789e+00
8.2641779317e+00
8.1933703703e+00
8.1255361909e+00
8.0603531151e+00
7.9975066061e+00
7.9366530385e+00
7.8774730186e+00
7.8196527674e+00
7.7628728724e+00
7.7068377527e+00
7.6512679974e+00
7.5959099368e+00
7.5405289660e+00
7.4849176200e+00
7.4288979661e+00
7.3723120959e+00
7.3150200067e+00
7.2569062987e+00
7.1978648069e+00
7.1378157504e+00
7.0766897597e+00
7.0144388256e+00
6.9510413379e+00
6.8864950282e+00
6.8208143537e+00
6.7540445239e+00
6.6862444577e+00
6.6174857209e+00
6.5478680206e+00
6.4775010537e+00
6.4065012710e+00
6.3350069420e+00
6.2631617704e+00
6.1911076091e+00
6.1190010550e+00
6.0470000367e+00
5.9752506195e+00
5.9039066230e+00
5.8331138664e+00
5.7630149677e+00
5.6937441007e+00
5.6254297972e+00
5.5581871790e+00
5.4921347633e+00
5.4273725402e+00
5.3639962468e+00
5.3021001858e+00
5.2417687575e+00
5.1830744591e+00
5.1260786340e+00
5.0708338159e+00
5.0173748505e+00
4.9657158717e+00
4.9158633362e+00
4.8678140636e+00
4.8215490280e+00
4.7770490374e+00
4.7342851513e+00
4.6932236791e+00
4.6538264226e+00
4.6160443945e+00
4.5798127157e+00
4.5450646855e+00
4.5117255608e+00
4.4797042283e+00
4.4489195731e+00
4.4192834564e+00
4.3907086861e+00
4.3631162496e+00
4.3364183300e+00
4.3105295074e+00
4.2853676842e+00
4.2608403348e+00
4.2368531139e+00
4.2133170169e+00
4.1901426168e+00
4.1672441662e+00
4.1445422149e+00
4.1219626528e+00
4.0994393519e+00
4.0769090683e+00
4.0543143782e+00
4.0316006307e+00
4.0087211782e+00
3.9856332460e+00
3.9622994496e+00
3.9386895366e+00
3.9147824578e+00
3.8905599742e+00
3.8660124813e+00
3.8411340895e+00
3.8159245081e+00
3.7903844735e+00
3.7645282528e+00
3.7383640365e+00
3.7119108371e+00
3.6851952829e+00
3.6582450416e+00
3.6310924252e+00
3.6037745975e+00
3.5763306107e+00
3.5488014836e+00
3.5212315026e+00
3.4936626839e+00
3.4661390480e+00
3.4387037800e+00
3.4113999557e+00
3.3842670100e+00
3.3573466271e+00
3.3306717786e+00
3.3042832429e+00
3.2782161189e+00
3.2525044245e+00
3.2271810708e+00
3.2022799204e+00
3.1778295073e+00
3.1538558148e+00
3.1303823446e+00
3.1074290779e+00
3.0850067815e+00
3.0631253289e+00
3.0417917275e+00
3.0210075558e+00
3.0007745169e+00
2.9810914955e+00
2.9619548758e+00
2.9433596648e+00
2.9252989965e+00
2.9077589423e+00
2.8907270714e+00
2.8741874087e+00
2.8581189998e+00
2.8425014039e+00
2.8273141358e+00
2.8125340126e+00
2.7981395801e+00
2.7841074068e+00
2.7704130308e+00
2.7570322483e+00
2.7439386873e+00
2.7311043336e+00
2.7185023433e+00
2.7061055682e+00
2.6938875014e+00
2.6818214667e+00
2.6698830121e+00
2.6580488291e+00
2.6462971030e+00
2.6346067613e+00
2.6229582034e+00
2.6113333539e+00
2.5997155844e+00
2.5880892319e+00
2.5764408036e+00
2.5647591254e+00
2.5530352114e+00
2.5412604484e+00
2.5294290558e+00
2.5175357863e+00
2.5055755966e+00
2.4935457639e+00
2.4814445032e+00
2.4692712028e+00
2.4570279806e+00
2.4447188181e+00
2.4323483547e+00
2.4199244548e+00
2.4074563114e+00
2.3949541032e+00
2.3824294037e+00
2.3698936032e+00
2.3573575139e+00
2.3448337759e+00
2.3323328544e+00
2.3198645093e+00
2.3074412341e+00
2.2950744191e+00
2.2827741691e+00
2.2705526891e+00
2.2584221591e+00
2.2463925100e+00
2.2344752917e+00
2.2226810084e+00
2.2110206434e+00
2.1995034886e+00
2.1881382990e+00
2.1769327291e+00
2.1658936168e+00
2.1550260971e+00
2.1443333373e+00
2.1338191424e+00
2.1234865913e+00
2.1133369604e+00
2.1033710405e+00
2.0935893757e+00
2.0839911856e+00
2.0745748092e+00
2.0653371683e+00
2.0562761834e+00
2.0473887827e+00
2.0386710916e+00
2.0301183425e+00
2.0217256217e+00
2.0134882495e+00
2.0053991767e+00
1.9974498316e+00
1.9896350545e+00
1.9819464219e+00
1.9743760891e+00
1.9669161505e+00
1.9595581750e+00
1.9522949294e+00
1.9451183781e+00
1.9380200912e+00
1.9309915714e+00
1.9240280362e+00
1.9171223087e+00
1.9102675993e+00
1.9034579905e+00
1.8966872757e+00
1.8899500359e+00
1.8832405513e+00
1.8765518318e+00
1.8698798534e+00
1.8632215260e+00
1.8565731111e+00
1.8499310809e+00
1.8432922960e+00
1.8366551402e+00
1.8300176831e+00
1.8233779855e+00
1.8167338208e+00
1.8100859120e+00
1.8034355203e+00
1.7967845143e+00
1.7901336743e+00
1.7834843672e+00
1.7768399795e+00
1.7702023149e+00
1.7635738490e+00
1.7569536896e+00
1.7503459147e+00
1.7437537876e+00
1.7371800580e+00
1.7306273715e+00
1.7240978087e+00
1.7175965084e+00
1.7111265320e+00
1.7046918677e+00
1.6982941097e+00
1.6919364166e+00
1.6856247242e+00
1.6793618020e+00
1.6731509081e+00
1.6669942859e+00
1.6608946492e+00
1.6548545536e+00
1.6488759355e+00
1.6429599825e+00
1.6371041653e+00
1.6313133433e+00
1.6255884095e+00
1.6199301813e+00
1.6143389826e+00
1.6088147719e+00
1.6033587787e+00
1.5979713284e+00
1.5926521465e+00
1.5874000060e+00
1.5822113114e+00
1.5770893811e+00
1.5720321984e+00
1.5670385056e+00
1.5621066739e+00
1.5572338304e+00
1.5524189226e+00
1.5476600704e+00
1.5429548767e+00
1.5382996577e+00
1.5336893794e+00
1.5291260572e+00
1.5246066770e+00
1.5201296809e+00
1.5156924262e+00
1.5112924793e+00
1.5069281275e+00
1.5025978185e+00
1.4982993531e+00
1.4940297096e+00
1.4897833256e+00
1.4855615473e+00
1.4813630403e+00
1.4771861509e+00
1.4730288449e+00
1.4688891283e+00
1.4647658389e+00
1.4606583497e+00
1.4565652608e+00
1.4524858486e+00
1.4484171953e+00
1.4443573227e+00
1.4403091533e+00
1.4362726056e+00
1.4322473332e+00
1.4282336127e+00
1.4242304218e+00
1.4202387672e+00
1.4162589173e+00
1.4122911077e+00
1.4083354367e+00
1.4043896980e+00
1.4004544055e+00
1.3965327402e+00
1.3926251458e+00
1.3887327250e+00
1.3848563562e+00
1.3809959820e+00
1.3771534744e+00
1.3733301974e+00
1.3695269193e+00
1.3657446073e+00
1.3619818275e+00
1.3582384651e+00
1.3545187139e+00
1.3508229887e+00
1.3471519761e+00
1.3435062758e+00
1.3398858324e+00
1.3362914640e+00
1.3327240644e+00
1.3291840206e+00
1.3256720253e+00
1.3221877577e+00
1.3187268481e+00
1.3152947683e+00
1.3118922606e+00
1.3085185276e+00
1.3051740130e+00
1.3018588448e+00
1.2985713307e+00
1.2953127159e+00
1.2920825870e+00
1.2888804519e+00
1.2857057610e+00
1.2825560117e+00
1.2794288200e+00
1.2763276674e+00
1.2732515691e+00
1.2701999358e+00
1.2671722121e+00
1.2641677627e+00
1.2611850976e+00
1.2582248555e+00
1.2552864409e+00
1.2523689234e+00
1.2494716385e+00
1.2465919796e+00
1.2437274732e+00
1.2408810069e+00
1.2380517411e+00
1.2352386164e+00
1.2324412545e+00
1.2296587987e+00
1.2268897170e+00
1.2241345230e+00
1.2213928372e+00
1.2186642725e+00
1.2159483933e+00
1.2132444419e+00
1.2105474492e+00
1.2078622007e+00
1.2051885970e+00
1.2025260711e+00
1.1998745501e+00
1.1972336642e+00
1.1946027365e+00
1.1919818178e+00
1.1893712010e+00
1.1867707748e+00
1.1841806369e+00
1.1816006867e+00
