1.8389682201e-03
3.0849602577e-03
4.2728118318e-03
5.3049100283e-03
6.1337924934e-03
6.7445144256e-03
7.1420975874e-03
7.3452691019e-03
7.3821038772e-03
7.2851531726e-03
7.0873307688e-03
6.8195375705e-03
6.5091196551e-03
6.1787577794e-03
5.8460790429e-03
5.5238480623e-03
5.2205143221e-03
4.9408000823e-03
4.6863802932e-03
4.4566223997e-03
4.2492653345e-03
4.0610144211e-03
3.8880536706e-03
3.7264592884e-03
3.5725297330e-03
3.4230496127e-03
3.2754520440e-03
3.1279249400e-03
2.9794422842e-03
2.8297421182e-03
2.6792347987e-03
2.5287439170e-03
2.3796713833e-03
2.2337996382e-03
2.0928030568e-03
1.9581863891e-03
1.8311867449e-03
1.7127950675e-03
1.6038469704e-03
1.5047937920e-03
1.4156605710e-03
1.3362142650e-03
1.2660114465e-03
1.2043894146e-03
1.1505074868e-03
1.1034407181e-03
1.0622493299e-03
1.0259939138e-03
9.9372744481e-04
9.6449584283e-04
9.3740038774e-04
9.1167305855e-04
8.8670334250e-04
8.6201488900e-04
8.3723398315e-04
8.1209593650e-04
7.8646020353e-04
7.6032183207e-04
7.3379099393e-04
7.0706509035e-04
6.8040114695e-04
6.5407986225e-04
6.2837507599e-04
6.0353232844e-04
5.7977649916e-04
5.5730996154e-04
5.3628629198e-04
5.1678884460e-04
4.9883547615e-04
4.8240068636e-04
4.6742043764e-04
4.5377928920e-04
4.4132233639e-04
4.2988193542e-04
4.1928813479e-04
4.0936219111e-04
3.9991551048e-04
3.9076995206e-04
3.8177404652e-04
3.7280289128e-04
3.6375915389e-04
3.5457638174e-04
3.4522122015e-04
3.3568627722e-04
3.2598893117e-04
3.1617344494e-04
3.0630616010e-04
2.9646554188e-04
2.8673274170e-04
2.7718733231e-04
2.6790373887e-04
2.5895062920e-04
2.5038984762e-04
2.4227120418e-04
2.3462703187e-04
2.2747138413e-04
2.2080680981e-04
2.1462615566e-04
2.0891020127e-04
2.0362885292e-04
1.9874605015e-04
1.9422226706e-04
1.9001351067e-04
1.8607227761e-04
1.8235211506e-04
1.7881138425e-04
1.7541280270e-04
1.7212300376e-04
1.6891419488e-04
1.6576494508e-04
1.6265891028e-04
1.5958464653e-04
1.5653744348e-04
1.5351917384e-04
1.5053660133e-04
1.4759885621e-04
1.4471556657e-04
1.4189713764e-04
1.3915520175e-04
1.3650117163e-04
1.3394547349e-04
1.3149600269e-04
1.2915711696e-04
1.2693057055e-04
1.2481553774e-04
1.2280876164e-04
1.2090463154e-04
1.1909554266e-04
1.1737218721e-04
1.1572356361e-04
1.1413759999e-04
1.1260212802e-04
1.1110565522e-04
1.0963736673e-04
1.0818723454e-04
1.0674622623e-04
1.0530696167e-04
1.0386379471e-04
1.0241261292e-04
1.0095133650e-04
9.9480120555e-05
9.8000874626e-05
9.6516559101e-05
9.5030578975e-05
9.3547015549e-05
9.2071073554e-05
9.0608358016e-05
8.9164420367e-05
8.7744404181e-05
8.6352639362e-05
8.4992555900e-05
8.3666825100e-05
8.2377578376e-05
8.1126300751e-05
7.9913777625e-05
7.8739815920e-05
7.7603365554e-05
7.6502772532e-05
7.5436081516e-05
7.4401225935e-05
7.3396189447e-05
7.2418801153e-05
7.1466895675e-05
7.0538484453e-05
6.9631808608e-05
6.8745356826e-05
6.7878021254e-05
6.7029191010e-05
6.6198584189e-05
6.5386003196e-05
6.4591333580e-05
6.3814674198e-05
6.3056369338e-05
6.2317029407e-05
6.1597279712e-05
6.0897712744e-05
6.0218781847e-05
5.9560666085e-05
5.8923329877e-05
5.8306711294e-05
5.7710641922e-05
5.7134693217e-05
5.6578208925e-05
5.6040205873e-05
5.5519559294e-05
5.5015130794e-05
5.4525752879e-05
5.4050221841e-05
5.3587291452e-05
5.3135583489e-05
5.2693675904e-05
5.2260234761e-05
5.1834021950e-05
5.1414018015e-05
5.0999368227e-05
5.0589339057e-05
5.0183288894e-05
4.9780633932e-05
4.9380939670e-05
4.8983931723e-05
4.8589527555e-05
4.8197742361e-05
4.7808631429e-05
4.7422250286e-05
4.7038662099e-05
4.6657954022e-05
4.6280288012e-05
4.5905885449e-05
4.5534955774e-05
4.5167600614e-05
4.4803878596e-05
4.4443754838e-05
4.4087242445e-05
4.3734400824e-05
4.3385274582e-05
4.3039881428e-05
4.2698204392e-05
4.2360183137e-05
4.2025747515e-05
4.1694889981e-05
4.1367631106e-05
4.1044047320e-05
4.0724194614e-05
4.0408104767e-05
4.0095799356e-05
3.9787337317e-05
3.9482810531e-05
3.9182395171e-05
3.8886254333e-05
3.8594539896e-05
3.8307384669e-05
3.8024915891e-05
3.7747243136e-05
3.7474504638e-05
3.7206854394e-05
3.6944420742e-05
3.6687241759e-05
3.6435306261e-05
3.6188576625e-05
3.5947000175e-05
3.5710554654e-05
3.5479195736e-05
3.5252848881e-05
3.5031398768e-05
3.4814685129e-05
3.4602515235e-05
3.4394739799e-05
3.4191208098e-05
3.3991761652e-05
3.3796222869e-05
3.3604399297e-05
3.3416089336e-05
3.3231102398e-05
3.3049278975e-05
3.2870478077e-05
3.2694576605e-05
3.2521428599e-05
3.2350863946e-05
3.2182720006e-05
3.2016848479e-05
3.1853138144e-05
3.1691488506e-05
3.1531807888e-05
3.1373985762e-05
3.1217903888e-05
3.1063453416e-05
3.0910532467e-05
3.0759076307e-05
3.0609018739e-05
3.0460294224e-05
3.0312825717e-05
3.0166523485e-05
3.0021312995e-05
2.9877137320e-05
2.9733965998e-05
2.9591773238e-05
2.9450518877e-05
2.9310153880e-05
2.9170625798e-05
2.9031898119e-05
2.8893970809e-05
2.8756851139e-05
2.8620546569e-05
2.8485076776e-05
2.8350466448e-05
2.8216743875e-05
2.8083942498e-05
2.7952094679e-05
2.7821230187e-05
2.7691385569e-05
2.7562588577e-05
2.7434863968e-05
2.7308246761e-05
2.7182767394e-05
2.7058451093e-05
2.6935330851e-05
2.6813439245e-05
2.6692800017e-05
2.6573442815e-05
2.6455393076e-05
2.6338677811e-05
2.6223317455e-05
2.6109330273e-05
2.5996730289e-05
2.5885528401e-05
2.5775729137e-05
2.5667329766e-05
2.5560329995e-05
2.5454726929e-05
2.5350511150e-05
2.5247671625e-05
2.5146196586e-05
2.5046069364e-05
2.4947270053e-05
2.4849773891e-05
2.4753560055e-05
2.4658604438e-05
2.4564880368e-05
2.4472358318e-05
2.4381008606e-05
2.4290802750e-05
2.4201704193e-05
2.4113671402e-05
2.4026675395e-05
2.3940676014e-05
2.3855635587e-05
2.3771516658e-05
2.3688280343e-05
2.3605892379e-05
2.3524316082e-05
2.3443513799e-05
2.3363448048e-05
2.3284094618e-05
2.3205421296e-05
2.3127397552e-05
2.3049996184e-05
2.2973189290e-05
2.2896951965e-05
2.2821258545e-05
2.2746079311e-05
2.2671394936e-05
2.2597189475e-05
2.2523444965e-05
2.2450144353e-05
2.2377272079e-05
2.2304817879e-05
2.2232770609e-05
2.2161119281e-05
2.2089852075e-05
2.2018967128e-05
2.1948464409e-05
2.1878345925e-05
2.1808610086e-05
2.1739257281e-05
2.1670294573e-05
2.1601723782e-05
2.1533548941e-05
2.1465763043e-05
2.1398375403e-05
2.1331392627e-05
2.1264819612e-05
2.1198660901e-05
2.1132919186e-05
2.1067607052e-05
2.1002730295e-05
2.0938297667e-05
2.0874310179e-05
2.0810773870e-05
2.0747703638e-05
2.0685104169e-05
2.0622981686e-05
2.0561339158e-05
2.0500181040e-05
2.0439511275e-05
2.0379331831e-05
2.0319642322e-05
2.0260430680e-05
2.0201708172e-05
2.0143473552e-05
2.0085725371e-05
2.0028460663e-05
1.9971675370e-05
1.9915369436e-05
1.9859540012e-05
1.9804182415e-05
1.9749289059e-05
1.9694845122e-05
1.9640857217e-05
1.9587315519e-05
1.9534212622e-05
1.9481540059e-05
1.9429285641e-05
1.9377442841e-05
1.9326002679e-05
1.9274954684e-05
1.9224284578e-05
1.9173974115e-05
1.9124026509e-05
1.9074429792e-05
1.9025176480e-05
1.8976255902e-05
1.8927658104e-05
1.8879375380e-05
1.8831400571e-05
1.8783724653e-05
1.8736336234e-05
1.8689216464e-05
1.8642367139e-05
1.8595782117e-05
1.8549454365e-05
1.8503375793e-05
1.8457538496e-05
1.8411937082e-05
1.8366567782e-05
1.8321424596e-05
1.8276503558e-05
1.8231794334e-05
1.8187289410e-05
1.8142995591e-05
1.8098910920e-05
1.8055032695e-05
1.8011360044e-05
1.7967888361e-05
1.7924618927e-05
1.7881550900e-05
1.7838683359e-05
1.7796015006e-05
1.7753537966e-05
1.7711252199e-05
1.7669165282e-05
1.7627276950e-05
1.7585588822e-05
1.7544101877e-05
1.7502814444e-05
1.7461730325e-05
1.7420851869e-05
1.7380179739e-05
1.7339715158e-05
1.7299452604e-05
1.7259390299e-05
1.7219538543e-05
1.7179897011e-05
1.7140466147e-05
1.7101246156e-05
1.7062235425e-05
1.7023434785e-05
1.6984845274e-05
1.6946466530e-05
1.6908299041e-05
1.6870340505e-05
1.6832577498e-05
1.6795023729e-05
1.6757679851e-05
1.6720542299e-05
1.6683610933e-05
1.6646884754e-05
1.6610357818e-05
1.6574032214e-05
1.6537905519e-05
1.6501975116e-05
1.6466238256e-05
1.6430686933e-05
1.6395313521e-05
1.6360126245e-05
1.6325121270e-05
1.6290295853e-05
1.6255647365e-05
1.6221172984e-05
1.6186867625e-05
1.6152731920e-05
1.6118763214e-05
1.6084957984e-05
1.6051313435e-05
1.6017821653e-05
1.5984475127e-05
1.5951280560e-05
1.5918234787e-05
1.5885334088e-05
1.5852576559e-05
1.5819959060e-05
1.5787476700e-05
1.5755129977e-05
1.5722917058e-05
1.5690836101e-05
1.5658885156e-05
1.5627061449e-05
1.5595351298e-05
1.5563766387e-05
1.5532305691e-05
1.5500966988e-05
1.5469749346e-05
1.5438651076e-05
1.5407669715e-05
1.5376804685e-05
1.5346056037e-05
1.5315422787e-05
1.5284904496e-05
1.5254500223e-05
